5000  600.0835221047961
10000  600.127076028931
15000  629.6911025399633
20000  379.7952019943727
25000  541.1110250482307
30000  614.7373525890364
35000  848.708963544644
40000  699.6560032581211
45000  713.3841537997041
50000  691.9726865948087
55000  907.6994969641546
60000  787.0198833794258
65000  1060.070229136078
70000  1305.4110590999494
75000  820.0641344093134
80000  919.6455031242764
85000  1241.380411495262
90000  1289.86596439844
95000  1698.5859121633446
100000  1773.3181277540207
105000  1903.541281965569
110000  2030.7434727808752
115000  2215.7654967040817
120000  2356.7834197139787
125000  2466.657549680939
130000  2547.1012661931754
135000  2286.551699197612
140000  2165.1529438769708
145000  2527.5717847077644
150000  2302.9402041880885
155000  2538.493234818135
160000  2745.494472290944
165000  2659.671170581313
170000  2254.6275191332097
175000  2855.2085736986637
180000  2638.353637395271
185000  2851.3325222703415
190000  2206.610471944051
195000  2608.532799920582
200000  2640.9530845274985
205000  2851.2073185462423
210000  2744.087744611949
215000  2990.5142054427506
220000  2759.058661780952
225000  2865.8587571037274
230000  2882.674186002683
235000  2902.751296570274
240000  2776.808113664326
245000  2818.7859517065326
250000  2699.888599549448
255000  2726.8769181165003
260000  2946.3727881687164
265000  2811.575036004965
270000  2934.299000308959
275000  2985.8047613195563
280000  3034.548373694356
285000  2503.151471675167
290000  2981.4471974602684
295000  3015.786651394213
300000  3006.303013988556
305000  2988.0932971854954
310000  2935.902915067408
315000  2997.0946638478003
320000  2824.625019877231
325000  2965.5471466090135
330000  2878.921079794398
335000  2931.9530030388037
340000  2795.9932879089147
345000  3053.588775393243
350000  2945.7537718198973
355000  2726.4877196234966
360000  3036.252643616518
365000  2957.276293189576
370000  2601.0660941263523
375000  3146.471320349624
380000  2542.804754513218
385000  3091.4198406468886
390000  3028.1676769578203
395000  2859.3349132545077
400000  3137.453474215594
405000  3173.120969366226
410000  3083.3423854162274
415000  3110.488118027329
420000  3199.1291034457204
425000  3165.904719463248
430000  3079.147493913714
435000  3129.242970905182
440000  3154.1560325241503
445000  3201.6200629635623
450000  3232.013370524066
455000  3167.755728370239
460000  3300.236065319537
465000  3182.1285148874917
470000  3229.9804827960097
475000  3151.156651059782
480000  3213.7438830375754
485000  3270.7877889570545
490000  3284.1789202126483
495000  3247.467437706625
500000  3278.1817052247948
505000  3262.100227894667
510000  2937.4614515057865
515000  3165.4823574624634
520000  3014.770504602459
525000  3288.5894457264294
530000  3214.6954993113873
535000  3367.145915132266
540000  3209.684983216084
545000  3391.272080166792
550000  3155.8441958807593
555000  3335.9069623477035
560000  3310.3151043793114
565000  3244.802339001484
570000  3267.236436675387
575000  2740.3881855158493
580000  3246.639814321576
585000  3339.13787263882
590000  3344.545118284858
595000  3041.6862229101453
600000  3342.4435577172276
605000  3375.672053116592
610000  3358.0033240440143
615000  3426.9867786843533
620000  3352.645732816677
625000  3336.063187451299
630000  3309.4377529998515
635000  3390.8554913927605
640000  3144.72530440645
645000  3227.2700007441226
650000  3118.933194451852
655000  3383.240213050537
660000  3490.7652042255118
665000  3283.694175128996
670000  3494.346291563014
675000  3168.3796000484317
680000  3337.9361699523624
685000  3293.4491373240244
690000  3449.305194261593
695000  3408.7213968417664
700000  3452.774663228528
705000  3522.336204052705
710000  3066.263092893181
715000  3481.802230021173
720000  3413.7539493367926
725000  3499.897254825663
730000  3478.9226541111675
735000  3476.043074300987
740000  3426.7526048767904
745000  3362.18836693514
750000  3378.466720609778
755000  3229.5923936071686
760000  3501.8181100552697
765000  3512.2894890577363
770000  3417.744497508846
775000  3428.488143369662
780000  3288.1751801023393
785000  3528.5160094999287
790000  3459.9571648500482
795000  3532.4998682208707
800000  3503.519428116854
805000  3529.044449834907
810000  3544.5442042806085
815000  3497.9373105198115
820000  3415.6992482279456
825000  3506.842342706892
830000  3474.008745423923
835000  3567.8558230860485
840000  3537.105685437764
845000  3485.9814463203356
850000  3545.8288350287667
855000  3396.347314121399
860000  3529.29315930569
865000  3322.76910348607
870000  3466.4443172454985
875000  3584.26936057644
880000  3537.1675403849936
885000  3496.555562437147
890000  3523.225118514415
895000  3517.678723990054
900000  3537.133519503505
905000  3539.3213216747076
910000  3580.8413256837193
915000  3280.430575384108
920000  3452.777838328225
925000  3452.5320330075083
930000  3342.0407149960365
935000  3427.255303471463
940000  3550.3567968734774
945000  3476.138121264818
950000  3449.7107731466626
955000  3575.2980010696156
960000  3564.1501136448132
965000  3451.842899208556
970000  3477.6451207940286
975000  3574.7848523636885
980000  3295.8577337837246
985000  3282.1631769961955
990000  3538.4296329685276
995000  3557.62161944606
1000000  3517.9934380142813
