5000  599.8942875932788
10000  600.0611954706335
15000  551.3398619652583
20000  488.3897005808693
25000  714.2845549442567
30000  559.9044193676293
35000  712.1052925306658
40000  905.6323289188009
45000  803.5306404410583
50000  853.6516761224818
55000  976.4981358268257
60000  1266.1034289126214
65000  1251.7973051498927
70000  1365.5885488156289
75000  1588.0142218593046
80000  1760.1476155857374
85000  1574.140967762304
90000  1646.5899393946002
95000  1869.2227573788616
100000  2027.68275328253
105000  2092.9660624191824
110000  2040.7827992167804
115000  2031.709416321513
120000  2165.3140088991695
125000  1995.4269699814627
130000  2210.9160687312433
135000  2236.8719347710476
140000  2352.9341331781366
145000  2291.6109890715925
150000  2352.1038647342107
155000  2386.8374345609172
160000  2463.851888775397
165000  2382.8856376895737
170000  2434.6160267808714
175000  2423.911430616302
180000  2487.708450423438
185000  2497.784304974529
190000  2421.6840209898305
195000  2608.215518593115
200000  2300.6923382541404
205000  2479.4205234972196
210000  2495.940005789857
215000  2506.155779522611
220000  2458.677438720576
225000  2565.0875322034267
230000  2603.356449548652
235000  2566.9993051953115
240000  2547.128185782608
245000  2524.3391659401873
250000  2624.4743960533
255000  2642.3691929336137
260000  2575.9858026418524
265000  2677.6070591582384
270000  2621.949870713844
275000  2678.5079618891573
280000  2210.763653614539
285000  2601.15414158428
290000  2486.183387760124
295000  2618.53911292851
300000  2665.4890267788624
305000  2683.340723168312
310000  2787.7724973316044
315000  2731.2797598452867
320000  2814.629482163166
325000  2692.810223677773
330000  2551.072375125076
335000  2751.460644601744
340000  2667.9644135327158
345000  2770.487333839651
350000  2503.729523547963
355000  2773.2503021377443
360000  2805.798835265148
365000  2747.4891218232788
370000  2771.6684161008625
375000  2787.323330646832
380000  2723.8167952454037
385000  2793.3794158062497
390000  2813.9986712245454
395000  2806.5540757317376
400000  2913.9065940241067
405000  2915.437777978633
410000  2860.2130978786513
415000  2933.6209878214645
420000  2789.9596019613527
425000  2846.376315043416
430000  2967.2505797401695
435000  2840.9431810746623
440000  2863.40447082227
445000  2886.344538074076
450000  2963.079479988903
455000  2909.987108989578
460000  2980.3471262619214
465000  2753.741069637968
470000  2920.4291935590636
475000  2986.4273848206153
480000  2987.0539474584693
485000  2964.164727450814
490000  2999.675959819066
495000  2896.86210850176
500000  2655.3123844936135
505000  3004.8135803690147
510000  2998.5474264874747
515000  3035.4543493212773
520000  3075.9640657851205
525000  3044.482302714224
530000  3118.8400127127434
535000  3092.68747051173
540000  3194.093368178093
545000  2918.4883403771137
550000  2929.921448297564
555000  3045.9712405060445
560000  2996.6862410653703
565000  3078.8715811720076
570000  3054.427154419137
575000  3032.2887468067856
580000  3151.1961689126524
585000  3129.5021148913174
590000  3046.2846446138633
595000  3041.1407732228363
600000  3117.9084192727214
605000  3143.1737704038123
610000  3179.638531231214
615000  3090.9610312104096
620000  3137.6935329004273
625000  3225.58896261443
630000  2780.8353169992843
635000  3104.2970382759895
640000  3135.259068997491
645000  3088.4425380594857
650000  3196.3661863874377
655000  3093.3139511666445
660000  3206.7412901068005
665000  3173.674577251525
670000  3113.9583882424554
675000  3082.7943983906466
680000  2947.7655268654044
685000  3162.069467317063
690000  3174.285693710998
695000  3192.7963461000695
700000  3220.720662447594
705000  3137.660862338123
710000  3171.253448041008
715000  3174.0156116014414
720000  3172.525055275717
725000  3214.269862758902
730000  3165.0925155531795
735000  3259.233511958051
740000  3115.36091622118
745000  3211.67072420077
750000  3182.983134083366
755000  3168.3093844892796
760000  3139.4677022612823
765000  3188.059293876474
770000  3202.790401144946
775000  3206.493512652802
780000  3256.28395265111
785000  3234.6292601006694
790000  3216.8392494411464
795000  3288.6886880365273
800000  3164.3748015299147
805000  3248.770002060112
810000  3200.6259885345758
815000  3267.9970071584376
820000  3269.963387702882
825000  3291.7806874019952
830000  3241.9698836575685
835000  3204.6703436539133
840000  2702.161603503786
845000  3264.590493142522
850000  3349.095203801139
855000  3281.08121166788
860000  3245.0978941055732
865000  3257.5424043371195
870000  3324.7787001368533
875000  3262.227384381283
880000  3091.3030846598353
885000  3198.090674282332
890000  3201.0616667775125
895000  3093.5447672588352
900000  3247.736616200623
905000  3261.3828448965887
910000  3215.8732956530393
915000  3331.2832737330546
920000  3318.943514725969
925000  3297.1216595138344
930000  3256.0825264192977
935000  3319.336592250249
940000  3238.7059587627255
945000  3277.142080535822
950000  3359.3214261079434
955000  3247.217414948357
960000  3218.0303851949907
965000  3314.5213596688163
970000  3317.5538614056472
975000  3280.879878216536
980000  3293.905712068235
985000  3297.756656685217
990000  3283.758575578435
995000  3232.991623693894
1000000  3281.858185429706
