5000  580.5710611041334
10000  580.4267288845706
15000  201.20129574953472
20000  253.98870640929076
25000  455.57654780489366
30000  724.6929165721967
35000  685.4240380164176
40000  908.7869732248706
45000  823.3398740690773
50000  784.1742059339447
55000  760.2943801584206
60000  842.62964474257
65000  906.9792671516971
70000  957.0470924180605
75000  1281.7805989213591
80000  824.1636232264325
85000  1134.5261333253657
90000  1612.726882361299
95000  1316.2359730627984
100000  1588.7787771317962
105000  1287.5085216997218
110000  1839.743733431224
115000  1926.3223684277764
120000  1962.2897746752174
125000  2346.942955606296
130000  2243.945687479987
135000  2405.26028855805
140000  2458.100613280843
145000  2534.207250360365
150000  2653.7862471051335
155000  2621.1344298158065
160000  2490.6341141912076
165000  2542.3861652127352
170000  2744.1591012057015
175000  2590.409972915359
180000  2776.2492032614764
185000  2835.3318885620574
190000  2727.2073542769353
195000  2901.679069945223
200000  2767.2794660626305
205000  2682.15209814518
210000  2826.8775429019383
215000  2699.6607962736916
220000  2805.81043181816
225000  2977.2254174729965
230000  2789.877460193044
235000  2719.6810886658286
240000  2945.74969330202
245000  2984.4058302625003
250000  3023.0116953230026
255000  3032.418271170859
260000  2970.0796274326844
265000  3048.7216610307214
270000  2873.714452131008
275000  2953.228862381737
280000  2906.949244472974
285000  3090.6883087064157
290000  2698.7417841369765
295000  3160.7167389656797
300000  3060.0452563707777
305000  3155.6523436341417
310000  3141.750878976634
315000  3154.8580669094868
320000  3115.7126988311124
325000  3051.9919987379753
330000  3108.4100014433848
335000  3125.7063660412814
340000  3019.3980931885694
345000  3184.033824851538
350000  3185.930348828349
355000  3108.3250655940383
360000  3150.391964813506
365000  3194.3605453389305
370000  3137.553588850439
375000  3131.6951344478066
380000  3349.8633718436504
385000  3300.486232099938
390000  3253.7619177072893
395000  3289.2838206356855
400000  3311.23064756679
405000  3306.5052413872136
410000  3246.8159260304956
415000  3473.3301425315767
420000  3232.890154465621
425000  3270.9451805432777
430000  3366.257462162407
435000  3331.7877758599607
440000  3239.7473337557667
445000  3429.1293390036494
450000  3343.232137511488
455000  3284.980403664284
460000  3413.0791694855916
465000  3361.062045899612
470000  3295.0953790259337
475000  3449.5622665141723
480000  3460.508653129701
485000  3433.1770119240464
490000  3145.954365028042
495000  3413.88241180685
500000  3300.811644969394
505000  3353.1074695078887
510000  3365.465239783196
515000  3487.9398125431435
520000  3368.1660642708425
525000  3432.0930269783094
530000  3460.175201395563
535000  3384.956938950527
540000  3428.4432841717085
545000  3418.690798323068
550000  3396.5859845542377
555000  3466.5462393975117
560000  3382.1688357949824
565000  3480.144544625264
570000  3531.7394992169384
575000  3351.228982285592
580000  3510.385540163995
585000  3433.4438332654763
590000  3416.6994836814156
595000  3514.4908487424677
600000  3462.350274649648
605000  3398.866839652123
610000  3346.8808603413395
615000  3463.892100567009
620000  3519.0392934153992
625000  3507.57934281192
630000  3485.031109735187
635000  3340.872219862916
640000  3468.8164893385974
645000  3664.751659499662
650000  3575.321288387753
655000  3386.2096528854395
660000  3485.1661358677325
665000  3612.746652048024
670000  3533.3234805644584
675000  3609.7282550469527
680000  3393.0096645559483
685000  3723.3533241748373
690000  3539.6134632380904
695000  3568.126908806223
700000  3469.4503510077207
705000  3479.236398900318
710000  3620.538669805479
715000  3525.7545989105556
720000  3563.392861249843
725000  3506.347360438501
730000  3527.604598303905
735000  3455.6609746945114
740000  3431.8020454301504
745000  3509.028105850598
750000  3724.7027393920266
755000  3559.097365091516
760000  3646.8508326137394
765000  3666.927234072557
770000  3656.5706609104163
775000  3616.4540515943677
780000  3735.6020124424294
785000  3775.6376963119
790000  3640.871575029954
795000  3742.5846551850946
800000  3656.328573052034
805000  3737.234563325669
810000  3736.2979089779583
815000  3623.7697342260226
820000  3568.25364247585
825000  3619.652839944215
830000  3776.942311694182
835000  3830.25670681751
840000  3726.623417182776
845000  3806.377621378998
850000  3827.0403395787434
855000  3724.05461584598
860000  3764.3738723557008
865000  3693.2915874040286
870000  3766.0340864039454
875000  3823.2655057688535
880000  3675.1438030631916
885000  3738.0308352343027
890000  3497.0838486610396
895000  3864.652589363623
900000  3863.255131681035
905000  3839.7070126472927
910000  3868.8057733663895
915000  3866.996631014121
920000  3936.798988349464
925000  3868.132741862747
930000  3902.719847109386
935000  3831.3687717742046
940000  3857.2633179728336
945000  3775.4239997870236
950000  3907.3112960279896
955000  3817.383337336436
960000  3740.775482047372
965000  3720.1336155668687
970000  3580.397155092807
975000  3885.9116321785973
980000  3862.405151878195
985000  3828.027252852092
990000  3799.830251443835
995000  3768.273738654835
1000000  3896.889052802362
