5000  -7.406477487398439
10000  -7.406477487398439
15000  -135.69761491722002
20000  -241.40394657886333
25000  -106.05683059701707
30000  -200.7536922395427
35000  829.1066106270207
40000  1208.3306164412743
45000  1269.8720518881223
50000  1401.391778719286
55000  1481.7081152035844
60000  1650.0207718104652
65000  1650.6930316803446
70000  1492.4879479839506
75000  1668.2455585320872
80000  1835.6314426994297
85000  1858.9987491547738
90000  1862.629404002589
95000  1870.2552314386571
100000  1858.7038819194058
105000  1797.5398868984844
110000  1771.189395953909
115000  1753.6696667936255
120000  1745.2021179694832
125000  1972.3928303233374
130000  1877.780136212609
135000  2015.6487663581083
140000  1922.9170829775878
145000  1930.6746500284007
150000  2021.5689696380462
155000  1712.727044765338
160000  1983.1452318413455
165000  1997.8414711545672
170000  1961.2394414655894
175000  2021.071782168181
180000  1930.2317066202672
185000  2016.9269413799298
190000  2065.8733420858916
195000  2022.4159342926644
200000  2004.1639447316218
205000  1978.4260233683901
210000  -614.111020406209
215000  -508.63261884940613
220000  -473.64286870707656
225000  -496.6633695982281
230000  1442.9827118469545
235000  1808.2982852530088
240000  1981.609627099413
245000  1822.8498504255017
250000  2000.124538886826
255000  1992.5272930245192
260000  1969.5277649396478
265000  2040.884900419689
270000  2006.1939862841282
275000  2056.7808522788982
280000  2063.750698042991
285000  2077.509363438198
290000  2039.7876103849023
295000  2069.726577702959
300000  2066.4718259154242
305000  2050.070067761121
310000  2029.1069466007873
315000  2030.8631579495698
320000  2081.6093271409577
325000  2082.909671973574
330000  2059.113868220383
335000  2088.8299180797453
340000  2068.5620462784073
345000  2110.94309009101
350000  2045.7456145428616
355000  2096.457610946375
360000  2105.969523871986
365000  2084.3124280107695
370000  2078.6405691858304
375000  2093.8430351215648
380000  2081.1161622724712
385000  2106.287974587636
390000  2100.012700530063
395000  2129.1891836516174
400000  2105.0484631786085
405000  2077.9719607761785
410000  2079.37945047641
415000  2074.6818282981603
420000  2065.1844388568
425000  2112.700691270064
430000  2099.9712300003666
435000  2130.414448470496
440000  2112.074325038623
445000  2099.255689273768
450000  2055.769745442086
455000  2084.6482423616917
460000  2033.7087090465855
465000  2087.4550294809956
470000  2078.5783605529514
475000  2107.2144284095275
480000  2062.674878765992
485000  2117.525534662679
490000  2118.7057787365225
495000  1909.5227764719104
500000  2111.3451859935276
505000  2063.9703409438134
510000  2118.9967971183214
515000  2133.2368230062266
520000  2086.6258081278947
525000  2105.596497007709
530000  2134.083913083918
535000  2150.7789639358143
540000  2144.5482169415964
545000  2140.5827875763116
550000  2105.1233711505874
555000  2147.4149927492936
560000  2135.912873570597
565000  2164.3637850172495
570000  2152.1031747989523
575000  2127.0869374567264
580000  2101.949751912003
585000  2208.3389457245244
590000  2144.3704426937443
595000  2091.919941227695
600000  2211.672614548522
605000  2461.6946463742815
610000  2242.528905918654
615000  2215.127327432929
620000  2232.103457123557
625000  2222.942860967728
630000  2456.8444569674525
635000  2220.1630970830256
640000  2213.5701742519286
645000  2214.2563385194517
650000  2221.3848647075383
655000  2291.7086064947075
660000  2238.6453468366503
665000  2283.7009450219625
670000  2239.38317726434
675000  2307.716647404778
680000  2287.0761434747405
685000  2275.0263528967703
690000  2271.7316951553958
695000  2234.789572290905
700000  2290.8084695183124
705000  2290.256637579895
710000  2276.0900501576916
715000  2283.9892355724987
720000  2301.087328514938
725000  2219.2120546642727
730000  2238.1497500662153
735000  2305.034672012676
740000  2280.906197430159
745000  2210.1962550820085
750000  2239.7240128258613
755000  2338.181562338589
760000  2304.988201426862
765000  2280.222462948946
770000  2288.523901133682
775000  2311.930488995063
780000  2296.109421983005
785000  2309.162621536557
790000  2254.9905813331725
795000  2250.046885659082
800000  2335.275525842776
805000  2213.4928610143465
810000  2275.6744246431854
815000  2317.189169337823
820000  2576.322908870474
825000  2335.0039538319334
830000  2267.7682155245398
835000  2516.0834352867005
840000  2306.390122376267
845000  2305.7326604847103
850000  2264.938587895236
855000  2255.451702466932
860000  2252.9005290390733
865000  2101.133070005578
870000  2223.3063036491294
875000  2303.793025645781
880000  2272.8908696378894
885000  2279.7650713747153
890000  2286.464477271939
895000  2359.782242725086
900000  2184.3416746032553
905000  2348.8225933679646
910000  2314.4993634797584
915000  2298.385796906393
920000  2324.6778505195334
925000  2604.6881297271716
930000  2245.8155092704965
935000  2307.01134597921
940000  2286.4060092675004
945000  2323.9009506295056
950000  2314.533952528128
955000  2377.288122546098
960000  2319.7979954283196
965000  2312.7689446363147
970000  2324.2733809600586
975000  2276.9567452401693
980000  2338.4573976038178
985000  2350.8071336105995
990000  2351.661931243405
995000  2309.5125079482123
1000000  2336.946834849846
