5000  6.495428587838544
10000  6.172641810019045
15000  -233.47164705436572
20000  -159.43614981273416
25000  382.6117524096296
30000  1298.436624804261
35000  1673.058539269959
40000  2016.5951761928768
45000  2101.964398319252
50000  2147.563966084933
55000  2498.6617923228705
60000  2376.8948953146364
65000  2347.670446440368
70000  2278.567128542001
75000  2279.682367879992
80000  2591.13087512627
85000  2590.5491410162235
90000  2689.7162334584777
95000  2708.218078199422
100000  2806.254536237825
105000  2863.1235471335417
110000  2871.164993149601
115000  2922.437723212977
120000  2945.321585253978
125000  3022.161139558798
130000  2919.3103401688045
135000  2909.9718762225916
140000  2996.590429926121
145000  2997.5854237387625
150000  3220.334001269347
155000  3073.759492272106
160000  2953.447037092275
165000  3285.5130728965282
170000  3242.0255355905665
175000  3384.6451086668703
180000  3326.991419736726
185000  3215.496018985448
190000  3292.1685765234533
195000  3360.0714419476267
200000  3362.6879530969322
205000  3448.5297294307966
210000  3403.096829402789
215000  3407.6634135347244
220000  3572.276144194205
225000  3379.5064534111943
230000  3396.06098903914
235000  3366.546073084656
240000  3490.3109859508427
245000  3585.4849063743436
250000  3611.846319995945
255000  3649.233320004388
260000  3430.795132478253
265000  3377.1376251414817
270000  3524.8110084103414
275000  3532.984022349762
280000  3614.5254962731824
285000  3635.6128703182126
290000  3716.9715172313927
295000  3671.4671567811993
300000  3706.441557641352
305000  3617.8787713685024
310000  3705.7117509506725
315000  3699.064149532838
320000  3639.158755150812
325000  3670.7612791723377
330000  3632.088656107023
335000  3719.670457818787
340000  3703.162651589787
345000  3710.1023455337518
350000  3747.8992466197137
355000  3774.8616085132453
360000  3639.606643307492
365000  3735.9583997569853
370000  3603.8241733362506
375000  3728.6915302915236
380000  3703.3729091457412
385000  3794.4488626141865
390000  3768.0099333711114
395000  3752.647364796966
400000  3780.5751091813777
405000  3649.5805583089896
410000  3749.3089508313983
415000  3624.8647993708387
420000  3756.0662198193468
425000  3627.480043085042
430000  3742.753582227101
435000  3801.8060515469574
440000  3805.2819077474787
445000  3687.44077310128
450000  3851.9597042029222
455000  3789.880833675995
460000  3854.652731787043
465000  3800.0621199940806
470000  3863.698233439369
475000  3791.254837975312
480000  3816.3864559901012
485000  3884.2127259579784
490000  3834.114093433554
495000  3782.834678194493
500000  3827.423005114402
505000  3777.8465094601656
510000  3835.906421128275
515000  3807.965212103838
520000  3802.2699062739057
525000  3809.38548568609
530000  3742.8086497803174
535000  3752.750293471345
540000  3823.136169349867
545000  3829.952427071318
550000  3767.9511500730273
555000  3849.713068255559
560000  3769.597814185888
565000  3850.757960031937
570000  3825.250936518171
575000  3858.8858767581705
580000  3837.5586228733237
585000  3891.078650301716
590000  3843.096718083386
595000  3857.7183196117635
600000  3799.9097480990094
605000  3864.6469766841133
610000  3724.760199959437
615000  3842.41719455811
620000  3853.9516909605322
625000  3866.569734723887
630000  3854.6590330959343
635000  3769.627484911506
640000  3793.1698959895316
645000  3910.2922174724
650000  3883.190506419155
655000  3805.8752575686826
660000  3872.1539293853084
665000  3769.6732249153756
670000  3882.101721986225
675000  3873.7388757787076
680000  3871.9462047573747
685000  3803.986526316233
690000  3945.2632470500466
695000  3859.831589882467
700000  3835.949356617047
705000  3814.7205394704224
710000  3823.9762616771113
715000  3829.254058170643
720000  3863.3085685278465
725000  3896.5572947096102
730000  3847.4883901965977
735000  3868.1814465581438
740000  3858.403261753673
745000  3929.4725016855145
750000  3871.385139006019
755000  3840.1294757842816
760000  3931.965182942211
765000  3773.9464288314616
770000  3879.140452776786
775000  3890.4767355743415
780000  3920.4439377174567
785000  3977.8221022600933
790000  3949.770039992089
795000  3902.7731752299565
800000  3923.2277216402435
805000  3905.9977871165806
810000  3921.369490469727
815000  3825.461178823377
820000  3899.70138219406
825000  3951.4010206356274
830000  3850.7271249121795
835000  3886.2943555201373
840000  3917.429662053781
845000  3930.197117042181
850000  3880.3886924419517
855000  3825.0960493007697
860000  3894.3819880275623
865000  3925.9420167942144
870000  3927.483880577064
875000  3980.0502591534
880000  3932.6759839870224
885000  3887.8369361391174
890000  3957.9101166728187
895000  3932.594114590208
900000  3829.2690505442974
905000  3896.5555401789243
910000  3916.0894709811555
915000  3897.883403892936
920000  4022.757176098546
925000  3934.2231065352316
930000  3945.4104860498473
935000  3887.293534001231
940000  3966.396025884452
945000  3911.852679638256
950000  3834.321515758858
955000  3944.2402481763265
960000  3842.427133166636
965000  3937.775136257888
970000  3803.482601000104
975000  4001.5484749382185
980000  3880.67074256684
985000  3904.3852926574355
990000  3832.126018261754
995000  3916.6061377699907
1000000  3831.9883984711823
