5000  -9.642005988210155
10000  -9.642005988210155
15000  -162.78613810064468
20000  464.07015393564245
25000  1147.4277585327777
30000  1483.3055005886574
35000  1530.3838167784675
40000  1582.1207218750098
45000  1404.195198208942
50000  1522.3687194927709
55000  -365.6143123225866
60000  -560.1734269149059
65000  1606.104020993886
70000  1676.1971106181568
75000  1755.3119348186683
80000  1797.734032626681
85000  1855.098937878833
90000  1691.7176264322545
95000  1809.4041891635122
100000  1802.885781074679
105000  1854.5036467265982
110000  1833.9747723627665
115000  1816.66228051879
120000  1852.1514131452127
125000  1839.768251167238
130000  1838.720855150644
135000  1839.2554096606516
140000  1895.3089820053733
145000  1925.893079231928
150000  1883.1859063094157
155000  1852.8903032406731
160000  1870.4394267048228
165000  1931.6166485756196
170000  1832.8957402057506
175000  1882.6831289668776
180000  1919.6466696273324
185000  1887.4738086248162
190000  1968.6497147677906
195000  1915.8572670926344
200000  1915.0031933025214
205000  1870.3512754472854
210000  1932.8153842714917
215000  1946.8624787251379
220000  1957.567842724741
225000  1934.1443543599985
230000  1993.829717861842
235000  2239.4935972747885
240000  1989.7552967349238
245000  2024.2972756132901
250000  2169.7150995676275
255000  2000.6444542352488
260000  2286.0300984785454
265000  1972.4112389636055
270000  2231.7438075721298
275000  1993.9303491924125
280000  2064.8024934529926
285000  1988.8730981925019
290000  2250.761202871663
295000  2229.077991785235
300000  2004.7424813996445
305000  2233.4258263228667
310000  2073.0785558071507
315000  2018.3167419769493
320000  1965.0149701759078
325000  2009.2497506007119
330000  2034.676022739411
335000  2224.700425056997
340000  2282.2259742359256
345000  2033.0282997658792
350000  2085.4363142009
355000  1997.2198752273973
360000  2059.2352142977297
365000  2033.6942500980422
370000  2060.417376803517
375000  2345.8980528021875
380000  2032.1008197130373
385000  2073.4540977340725
390000  1987.0527178250645
395000  2075.0352435872196
400000  2070.3320125380787
405000  2058.4130741607614
410000  2025.2177595616147
415000  2070.5045625838366
420000  2045.7515572210577
425000  2048.811777592912
430000  2096.121536105663
435000  2090.323764254062
440000  2072.4865511209728
445000  2056.646141910666
450000  2116.519555184386
455000  2378.705036957268
460000  2104.5352804358836
465000  2125.7549014905203
470000  2038.7692407199943
475000  2120.0823918561887
480000  2307.2293334881556
485000  2305.3657582690807
490000  2101.626547010589
495000  2087.123271558683
500000  2045.1612921817182
505000  2036.3630990737452
510000  2326.4450144628872
515000  2106.0669586801732
520000  2086.9336960793635
525000  2068.8773570088474
530000  2240.8131243285693
535000  2082.702641091805
540000  2262.8384112039957
545000  2307.082232178029
550000  2129.2762013021406
555000  2072.4878034038343
560000  2321.338182155824
565000  2067.5291837016994
570000  2118.5011069709462
575000  2074.9001221588424
580000  2082.978576523535
585000  2349.66173850054
590000  2087.9600113773436
595000  2091.366378717391
600000  2125.4339119704573
605000  1867.7763346066786
610000  1964.615362238074
615000  2060.090865118216
620000  2080.645296829099
625000  2058.285772070252
630000  2067.507579602098
635000  2061.855491830336
640000  2322.311354144789
645000  2307.8520795500667
650000  2330.4078696068286
655000  2025.4841834499355
660000  2035.6946313087542
665000  2212.334737374217
670000  2054.265797267263
675000  2230.825912275342
680000  1818.472547224375
685000  1789.8824955812884
690000  1670.2556771534444
695000  1728.2499658813929
700000  1736.0901998572735
705000  1991.3547992061715
710000  1956.8728423812354
715000  2077.492492257323
720000  2007.2012313711268
725000  2061.0264309129234
730000  2328.33846073412
735000  2112.085452502787
740000  2132.892153429443
745000  2075.116137520682
750000  2136.5468662480166
755000  2097.662360726636
760000  2148.95114943182
765000  2139.7300184757364
770000  2082.51703894428
775000  2125.845780460389
780000  2166.510454395012
785000  2351.658973919224
790000  2090.7541807901316
795000  2102.881550732275
800000  2139.2644324343314
805000  2172.1302030964835
810000  2166.4893572448095
815000  2081.8443093824676
820000  2138.9664648319335
825000  2144.1878445212033
830000  2112.559898505488
835000  2125.929398478688
840000  2104.378763260991
845000  2147.842919836249
850000  2113.169956109756
855000  2168.646838835236
860000  2146.935545241027
865000  2156.3707548830407
870000  2172.4693512790277
875000  2134.5227859199917
880000  2118.9123905486176
885000  2150.8046496093757
890000  2110.242680354607
895000  2099.9806253271204
900000  2097.38353890283
905000  2110.549129524712
910000  2016.9807207665726
915000  1992.1408423036057
920000  2109.2386239250272
925000  2060.165110453984
930000  2323.205663283059
935000  2006.5815547561172
940000  2102.404763176215
945000  2075.7565594322814
950000  2066.0194623763146
955000  2071.5005975021763
960000  2341.493515587692
965000  2114.7409205904637
970000  2179.362133896803
975000  2109.877890314318
980000  2156.374586021463
985000  2143.041514059839
990000  2121.5346747745098
995000  2105.6356646625723
1000000  2122.6279801436367
