5000  -2.513641381174671
10000  -2.4568964086242917
15000  -114.11391231865687
20000  73.36034131701378
25000  139.74426373380405
30000  1620.0591051237584
35000  1686.2271212921653
40000  1780.2573463985932
45000  1776.6548993161887
50000  1870.3749728637213
55000  1778.4255748451371
60000  1852.163528822676
65000  1845.1393326548416
70000  1822.2210045132124
75000  2011.4784917298828
80000  2011.3936858961963
85000  2018.6197704880174
90000  2034.4487405880802
95000  2082.0326982080287
100000  2113.8555340349344
105000  2095.6980493242036
110000  2015.9309151210687
115000  2101.8337059284786
120000  2288.652773610054
125000  1843.5267851298897
130000  2192.1522916718536
135000  2161.480911798436
140000  2332.2439441292963
145000  2096.3516591885655
150000  2209.4151447865197
155000  2390.334345376602
160000  2447.962067782798
165000  2309.038453877077
170000  2441.952489580267
175000  2401.1220350199687
180000  2374.1566928310194
185000  2443.2423295459257
190000  2353.5371266916536
195000  2504.496556564148
200000  2531.5914020193713
205000  2274.9275000694934
210000  2493.457537193773
215000  2476.5515055331607
220000  2477.809156822004
225000  2546.2239796149233
230000  2569.695998060145
235000  2561.8105164407307
240000  2588.2360088949367
245000  2581.955601303385
250000  2506.366454502538
255000  2614.272008639573
260000  2596.2254767621303
265000  2575.21537241648
270000  2433.783705160583
275000  2396.646249514111
280000  2542.512569621715
285000  2557.1013607113387
290000  2553.8961620916048
295000  2575.4572835669655
300000  2562.729539687928
305000  2584.052304310538
310000  2612.4489894482867
315000  2625.959081304142
320000  2602.621473683529
325000  2633.5550170764955
330000  2607.3213051552243
335000  2604.0456158099014
340000  2551.521508179282
345000  2639.88108793556
350000  2624.568401388267
355000  2618.9338553077223
360000  2653.4422547580257
365000  2607.0945292777274
370000  2637.008381509959
375000  2628.2719624976367
380000  2622.583488053649
385000  2606.253983740723
390000  2658.7711169691665
395000  2573.575936537636
400000  2625.1871477968707
405000  2625.145644536139
410000  2639.1265597744036
415000  2629.285925590317
420000  2615.0788287050477
425000  2656.5665580306736
430000  2665.602476607574
435000  2601.6621409188992
440000  2656.26748198558
445000  2659.81654861098
450000  2618.371280979787
455000  2658.789507160946
460000  2606.6354490216245
465000  2630.3054729088312
470000  2586.034350751323
475000  2598.741890456459
480000  2680.2596061608215
485000  2571.5566299381667
490000  2494.6526092697013
495000  2561.045934920264
500000  2551.6364443629764
505000  2549.068901848817
510000  2557.1033572478827
515000  2568.0175263105766
520000  2551.7445175625007
525000  2559.325571611513
530000  2623.23301889024
535000  2633.5858279641716
540000  2613.2375994080953
545000  2583.256884743511
550000  2594.2737061228104
555000  2623.6763648428405
560000  2603.882884936186
565000  2637.8034327296873
570000  2629.2277603282528
575000  2616.121167717257
580000  2563.1183271963373
585000  2600.7205966282954
590000  2646.1208577017296
595000  2624.803677854432
600000  2616.864186673002
605000  2616.454831311153
610000  2661.266242238001
615000  2619.0343616979053
620000  2596.638427885629
625000  2577.3254732293394
630000  2594.261577773722
635000  2641.362598463317
640000  2498.961124554026
645000  2649.33979097324
650000  2574.941896051959
655000  2587.692356782278
660000  2612.7872635189387
665000  2630.5979604374056
670000  2637.6795192118598
675000  2618.620657858397
680000  2634.216081198118
685000  2578.1702260568454
690000  2688.333327370229
695000  2626.3021854244
700000  2681.860768919761
705000  2682.745436374003
710000  2663.3477489571505
715000  2638.380851913446
720000  2675.5226879694733
725000  2659.1058034716452
730000  2642.4330248748697
735000  2690.711083854827
740000  2700.971054849988
745000  2690.1049098232284
750000  2624.4250343822164
755000  2651.486530554382
760000  2631.2742555236196
765000  2660.01983395717
770000  2667.8040523094833
775000  2610.027196168726
780000  2660.4776475604003
785000  2619.097594079308
790000  2667.040511853415
795000  2690.8226847077553
800000  2603.3790286129906
805000  2671.320598822408
810000  2671.2744063026057
815000  2649.578700409432
820000  2706.4218946407136
825000  2694.0869484959385
830000  2670.921902567253
835000  2623.2122266581255
840000  2706.809430403762
845000  2714.2621846928005
850000  2700.560350543176
855000  2615.8032723086817
860000  2686.3661785134614
865000  2655.995988140446
870000  2670.70502152067
875000  2693.9696806699903
880000  2674.463410080548
885000  2650.4020678175552
890000  2674.1478796331066
895000  2718.573729291764
900000  2709.4817460293616
905000  2694.951164244734
910000  2714.4970323134303
915000  2711.4030926366113
920000  2716.7386166146475
925000  2671.6038777515405
930000  2661.13139414815
935000  2695.5992779133076
940000  2691.554469105563
945000  2698.1902163445748
950000  2727.316754808968
955000  2720.6436006204085
960000  2676.6324316557084
965000  2706.1523749294965
970000  2678.242695948077
975000  2693.5119890311553
980000  2688.254671828815
985000  2691.453062478896
990000  2692.532760590882
995000  2729.1326288981945
1000000  2680.8112374651873
