5000  6.357438702183166
10000  6.8992761415329085
15000  -68.43311193894971
20000  -137.3333210572862
25000  -51.28805537797494
30000  608.6222356238875
35000  1092.3516531649416
40000  1253.0091098965893
45000  1390.7680081426843
50000  1706.382983069931
55000  1447.7672600340156
60000  1240.3830485495823
65000  1950.1603234485096
70000  2293.730330493716
75000  2260.7096804907437
80000  2112.6143953852857
85000  1976.8280087025676
90000  1464.347115928071
95000  2157.9680122616805
100000  2506.362481946134
105000  2353.349116411123
110000  2315.953179074964
115000  2536.604977834242
120000  2739.933276363733
125000  2581.6301136342363
130000  2592.8980703434404
135000  2771.8310466824914
140000  2835.151749903113
145000  2735.2480188189948
150000  2837.1190681534504
155000  2824.0064636138495
160000  2846.9403828397362
165000  2743.839697899928
170000  2749.000414863921
175000  2890.0923395681866
180000  2830.152282229142
185000  2828.4731412259
190000  3029.60825702565
195000  2893.4910492333966
200000  2873.130042620958
205000  3007.805197251898
210000  2973.6497187585255
215000  3008.249085664399
220000  3045.251663925272
225000  3067.0744795758455
230000  3109.0232421395763
235000  3156.396184682511
240000  3105.670159855888
245000  3178.402559012434
250000  2730.591976712577
255000  3060.2141387844977
260000  3065.530643919269
265000  2945.06179422514
270000  3141.158391608208
275000  3047.016390939897
280000  3183.3593358890676
285000  3181.2916022696513
290000  3108.679438406218
295000  3058.245748399921
300000  3217.4248186400423
305000  3174.7888676288085
310000  3208.7557769400164
315000  3165.200640142445
320000  3243.7788933629263
325000  3083.866357196911
330000  3237.8708475959934
335000  3118.6259972068997
340000  3250.4497118292174
345000  3242.1036893173837
350000  3145.9217101825097
355000  3242.6330452008297
360000  3244.9066080457583
365000  3248.1235104363245
370000  3273.1000502854945
375000  3268.338060585213
380000  3261.998800549305
385000  3267.5153054691878
390000  3278.993609105159
395000  3164.2578991543132
400000  3307.4152787974067
405000  3323.619963212135
410000  3330.941773501513
415000  3243.9338712445824
420000  3357.9106771562338
425000  3280.892871407091
430000  3317.7449569452656
435000  3299.0061422250424
440000  3299.2040335943093
445000  3296.892893985308
450000  3278.9809101668434
455000  3421.7172344432074
460000  3307.4374328421654
465000  3288.2992486988455
470000  3327.9104197115034
475000  3322.91945704919
480000  3263.7024615166965
485000  3310.6496147254024
490000  3398.6669188016094
495000  3384.6081992392656
500000  3348.173639021765
505000  3375.6827367382493
510000  3350.905591591287
515000  3273.817592378292
520000  3422.281583765398
525000  3461.81554405563
530000  3372.3048333673187
535000  3419.2051998927673
540000  3414.723200489089
545000  3448.14422395197
550000  3398.1568048264685
555000  3337.283542199696
560000  3394.8815677965786
565000  3440.8829253052763
570000  3457.026585908615
575000  3419.417773669652
580000  3350.2414366277853
585000  3461.9239645506473
590000  3455.346198501223
595000  3413.0181991410536
600000  3483.8722069184587
605000  3312.8070906737057
610000  3438.1693118370667
615000  3328.8611147957395
620000  3500.4997676036924
625000  3423.604004422338
630000  3425.954046812166
635000  3439.4234102436662
640000  3449.559116379026
645000  3343.3019013793055
650000  3462.0418388790845
655000  3397.26435616062
660000  3444.850195155942
665000  3405.2832801367003
670000  3366.7525312237876
675000  3500.6186221743856
680000  3439.796197174339
685000  3466.1687715728863
690000  3446.976740569577
695000  3414.168898026889
700000  3480.2700562998666
705000  3547.9335472893304
710000  3510.6271224407756
715000  3431.6924589524256
720000  3489.383257088826
725000  3476.967142497529
730000  3539.4941403592065
735000  3476.0392360880132
740000  3452.18545858603
745000  3481.623040285617
750000  3529.9111108395423
755000  3465.476412221079
760000  3566.0600588622847
765000  3518.5287638012874
770000  3503.7512104850657
775000  3555.2609861742394
780000  3551.336793305111
785000  3566.352020078141
790000  3482.2147306684783
795000  3506.863336152771
800000  3528.0424779830473
805000  3538.1145743944703
810000  3527.573883401042
815000  3371.418301677097
820000  3544.7799818924636
825000  3530.366197456888
830000  3501.595056928946
835000  3477.7912943542206
840000  3473.4948458776353
845000  3580.236849577103
850000  3527.6179574873618
855000  3620.056385552541
860000  3570.5502097045874
865000  3560.7759989751444
870000  3572.9882529157103
875000  3578.907393721437
880000  3500.3030484529977
885000  3594.549322665657
890000  3507.7182706318863
895000  3575.042952816475
900000  3464.100442215052
905000  3512.760555428625
910000  3610.493536369967
915000  3515.26585553782
920000  3533.638978185144
925000  3439.296849246102
930000  3484.8460582165512
935000  3580.125248463424
940000  3615.8053076919264
945000  3587.4532918434206
950000  3488.550234554767
955000  3532.750046607761
960000  3611.9919944934036
965000  3477.2370718379584
970000  3487.8244049821033
975000  3496.5436342517314
980000  3431.2463606156866
985000  3555.628318451464
990000  3610.8854060206504
995000  3623.0649990085744
1000000  3603.023895745812
