5000  -1145327.6761466628
10000  -1145327.6761466628
15000  -375692.20706414676
20000  -375692.20706414676
25000  -363573.72104352724
30000  -387798.5246314353
35000  -381740.7280527624
40000  -387798.9092086302
45000  -387799.1077189146
50000  -387799.13162408606
55000  -387799.1077189146
60000  -387799.13162408606
65000  -387799.1077189146
70000  -387799.1077189146
75000  -387799.0862271363
80000  -387799.1077189146
85000  -369624.85854141763
90000  -369628.5569121121
95000  -369628.5569121121
100000  -369628.5569121121
105000  -369628.54762197175
110000  -369628.5569121121
115000  -369628.54762197175
120000  -369628.5569121121
125000  -369628.54762197175
130000  -369628.54762197175
135000  -369628.54762197175
140000  -369628.54762197175
145000  -369628.54762197175
150000  -369628.54762197175
155000  -369628.5476579884
160000  -363570.57447549753
165000  -363570.6134617577
170000  -363570.30560299836
175000  -363570.3381453551
180000  -363569.8963638195
185000  -363570.2258381982
190000  -363570.2258381982
195000  -363569.8963638195
200000  -363569.5779207677
205000  -363569.8965560327
210000  -363569.76451526955
215000  -363568.52507259464
220000  -363568.5037044026
225000  -363568.3879012632
230000  -363568.58079611056
235000  -363568.38733219187
240000  -363568.5247932895
245000  -363568.7847878117
250000  -363568.5022663233
255000  -363568.6304122956
260000  -363568.62941250403
265000  -363568.1951893263
270000  -363568.6356960261
275000  -363568.29141956137
280000  -363568.0091877278
285000  -363568.3513189537
290000  -363567.54523294803
295000  -363567.7152944059
300000  -363568.30573556165
305000  -363568.5067147153
310000  -363568.0624251781
315000  -363568.27798077173
320000  -363567.7152944059
325000  -363568.22980830254
330000  -363567.7152944059
335000  -363568.10536556476
340000  -363567.70203386724
345000  -363567.8513545569
350000  -363567.84095538984
355000  -363568.507894509
360000  -363567.84095538984
365000  -363567.84095538984
370000  -363568.177670736
375000  -363567.84095538984
380000  -363567.84095538984
385000  -363568.0220369621
390000  -363567.8419551814
395000  -363568.2043134117
400000  -363567.67805529694
405000  -363568.2085007172
410000  -363568.365984538
415000  -363568.17867052753
420000  -363567.3753811813
425000  -363568.0752502751
430000  -363567.44710088585
435000  -363568.04343147244
440000  -363568.06886884477
445000  -363568.7293779809
450000  -363568.06886884477
455000  -363567.5414263046
460000  -363567.712723339
465000  -363568.1273878416
470000  -363567.9776884564
475000  -363567.9798336953
480000  -363568.1285594761
485000  -363568.28060458356
490000  -363567.9456606583
495000  -363567.77537934354
500000  -363568.06690820964
505000  -363568.03684104665
510000  -363567.9057927807
515000  -363567.90798690554
520000  -363567.38701500744
525000  -363568.06886884477
530000  -363567.25519094005
535000  -363567.2157819151
540000  -363568.1994571641
545000  -363567.21887893154
550000  -363568.471796309
555000  -363567.6356632697
560000  -363568.2314849623
565000  -363568.69335285755
570000  -363568.5828883304
575000  -363568.47603250045
580000  -363567.9520420886
585000  -363567.78477871907
590000  -363568.3742839105
595000  -363567.7613391148
600000  -363568.20688055723
605000  -363567.2072059083
610000  -363567.22873339057
615000  -363568.0111175716
620000  -363568.7034993911
625000  -363567.22873339057
630000  -363567.78176077385
635000  -363567.5168536974
640000  -363568.806037738
645000  -363567.1802932754
650000  -363567.87374609336
655000  -363567.5433112469
660000  -363567.2872187382
665000  -363567.70988105435
670000  -363567.2244971992
675000  -363567.48697462183
680000  -363567.4942287585
685000  -363568.4678525821
690000  -363567.4406254592
695000  -363567.6402952895
700000  -363567.81045873614
705000  -363567.2265392657
710000  -363567.2265392657
715000  -363567.7482434067
720000  -363567.75612704473
725000  -363568.3071332618
730000  -363567.22873339057
735000  -363567.5983815887
740000  -363568.806037738
745000  -363568.4524547686
750000  -363567.9831877378
755000  -363567.2265392657
760000  -363567.1380716499
765000  -363568.74272649613
770000  -363567.2265392657
775000  -363567.0977066974
780000  -363568.69533674384
785000  -363568.9442912546
790000  -363567.2317513358
795000  -363568.4123851798
800000  -363567.03095840086
805000  -363567.80117934436
810000  -363569.1295357947
815000  -363569.1295357947
820000  -363567.2872187382
825000  -363568.96565944667
830000  -363569.12780888745
835000  -363569.1295357947
840000  -363567.8448719294
845000  -363568.7395406676
850000  -363567.68887811125
855000  -363567.36471713835
860000  -363568.9976872448
865000  -363567.4061851263
870000  -363568.46965107013
875000  -363569.1295357947
880000  -363567.52261990786
885000  -363566.5999101119
890000  -363567.41193900735
895000  -363568.29335595516
900000  -363567.2927694534
905000  -363567.3281792869
910000  -363569.09691829374
915000  -363566.89242899127
920000  -363568.5107996777
925000  -363568.94294026727
930000  -363568.80433767807
935000  -363568.7076366967
940000  -363566.7100699631
945000  -363567.27910655516
950000  -363566.9441165804
955000  -363567.1329564339
960000  -363568.2588632993
965000  -363567.79931803385
970000  -363568.4336386842
975000  -363569.1295357947
980000  -363566.86522049096
985000  -363567.59701019415
990000  -363568.70486765984
995000  -363567.5540310583
1000000  -363568.0195186597
