5000  -1266425.7605580185
10000  -1266425.7605580185
15000  -424157.96166180697
20000  -424157.9466118558
25000  -424157.96166180697
30000  -424157.94896528
35000  -424157.96166180697
40000  -424157.96166180697
45000  -424157.9334712025
50000  -424157.9400212571
55000  -424157.94547455106
60000  -424157.96166180697
65000  -424157.96372524387
70000  -424157.9604242382
75000  -424157.9482771832
80000  -424157.94917206827
85000  -424157.9437827112
90000  -424157.9433520244
95000  -424157.9609341153
100000  -424157.95767053607
105000  -424157.9380663597
110000  -424157.951236503
115000  -424157.93651559314
120000  -424157.9461447586
125000  -424157.9493651091
130000  -424157.9461447586
135000  -424157.9457920551
140000  -424157.959204011
145000  -424157.9457920551
150000  -424157.96774929547
155000  -424157.96817795775
160000  -424157.9533338508
165000  -424157.95091151696
170000  -424157.95654743677
175000  -424157.9457920551
180000  -424157.9766875979
185000  -424157.98574443796
190000  -424157.9645224096
195000  -424157.9768702349
200000  -424157.9614808619
205000  -424157.9631619771
210000  -424157.9554833899
215000  -424157.9539589239
220000  -424157.9787452036
225000  -424157.95430235995
230000  -424157.9787670633
235000  -424157.9554833899
240000  -424157.96910559916
245000  -424157.9505810627
250000  -424157.9661681374
255000  -424157.9628536933
260000  -424157.94451536954
265000  -424157.9334712025
270000  -424157.94386894244
275000  -424157.9782147994
280000  -424157.9661681374
285000  -424157.9434788961
290000  -424157.9548093332
295000  -424157.95259079756
300000  -424157.9388402271
305000  -424157.95053397055
310000  -424157.95430235995
315000  -424157.93960785
320000  -424157.95430235995
325000  -424157.95379896445
330000  -424157.9400212571
335000  -424157.94203107746
340000  -424157.9564100521
345000  -424157.96222168655
350000  -424157.9710104652
355000  -424157.64285595494
360000  -424157.9415365451
365000  -424157.94909658015
370000  -424157.9715368295
375000  -424157.63154069026
380000  -424157.9571312812
385000  -424157.9715722626
390000  -424157.95356155385
395000  -424157.9554833899
400000  -424157.63154069026
405000  -424157.97287212993
410000  -424157.95430235995
415000  -424157.9502713835
420000  -424157.6311594166
425000  -424157.6315745398
430000  -424157.941479853
435000  -424157.63154069026
440000  -424157.63154069026
445000  -424157.94818977313
450000  -424157.95341873897
455000  -424157.94285955804
460000  -424157.98698519246
465000  -424157.6338641661
470000  -424157.9416092633
475000  -424157.6361918713
480000  -424157.9548616785
485000  -424157.6493241026
490000  -424157.63154069026
495000  -424157.6463806309
500000  -424157.9661681374
505000  -424157.6321000088
510000  -424157.8126036078
515000  -424157.63048635266
520000  -424157.6306376696
525000  -424157.9396420951
530000  -424157.6315749354
535000  -424157.63154069026
540000  -424157.93844009907
545000  -424157.9481615765
550000  -424157.63245942956
555000  -424157.647819267
560000  -424157.63245942956
565000  -424157.8749012812
570000  -424157.63154069026
575000  -424157.6503234827
580000  -424157.642276078
585000  -424157.96483351727
590000  -424157.9397247213
595000  -424157.6390382395
600000  -424157.8516180492
605000  -424157.64017473056
610000  -424157.63154069026
615000  -424157.64951713383
620000  -424157.6324251845
625000  -424157.6324251845
630000  -424157.64691559586
635000  -424157.6362826852
640000  -424157.6417312369
645000  -424157.65183593205
650000  -424157.6324251845
655000  -424157.6324251845
660000  -424157.6616022367
665000  -424157.6522422236
670000  -424157.65974686266
675000  -424157.6437088103
680000  -424157.65010639123
685000  -424157.65246994665
690000  -424157.65010639123
695000  -424157.63154069026
700000  -424157.63700789993
705000  -424157.63547811017
710000  -424157.6331104723
715000  -424157.65079021844
720000  -424157.6304521075
725000  -424157.63344000326
730000  -424157.63223877235
735000  -424157.65892187983
740000  -424157.6499819084
745000  -424157.6615515095
750000  -424157.63223877235
755000  -424157.63245728397
760000  -424157.6331104723
765000  -424157.6355332664
770000  -424157.63787071983
775000  -424157.63154069026
780000  -424157.63154069026
785000  -424157.65197559306
790000  -424157.6331104723
795000  -424157.63154069026
800000  -424157.633328984
805000  -424157.63803176815
810000  -424157.653995942
815000  -424157.65436795866
820000  -424157.64527709957
825000  -424157.64755140094
830000  -424157.63245728397
835000  -424157.6372911095
840000  -424157.63154069026
845000  -424157.6311710064
850000  -424157.65295936324
855000  -424157.6311710064
860000  -424157.6491039697
865000  -424157.6467681717
870000  -424157.6555775687
875000  -424157.64483526006
880000  -424157.6441393133
885000  -424157.633328984
890000  -424157.63245728397
895000  -424157.6561542602
900000  -424157.6580871078
905000  -424157.6401929911
910000  -424157.64304250415
915000  -424157.63223877235
920000  -424157.6350868271
925000  -424157.65236650157
930000  -424157.6572924393
935000  -424157.63245728397
940000  -424157.633328984
945000  -424157.6331104723
950000  -424157.63234514353
955000  -424157.63154069026
960000  -424157.63449396536
965000  -424157.6350868271
970000  -424157.65271332936
975000  -424157.6287196217
980000  -424157.67720688944
985000  -424157.6637681938
990000  -424157.6662659456
995000  -424157.78086616035
1000000  -424157.65295936324
