5000  44.556370738021755
10000  44.556370738021755
15000  57.0204563240771
20000  127.40431092918398
25000  145.97767806739148
30000  160.25491171359326
35000  257.5862914872782
40000  297.6170217676309
45000  180.9104489942339
50000  216.10757124658863
55000  286.0982728032579
60000  1593.9907308332608
65000  1061.7719560489138
70000  1670.2042026000877
75000  1532.31223224489
80000  1692.0417707263318
85000  1763.5283909280301
90000  1505.184315380351
95000  1746.242899013915
100000  1450.250521666347
105000  1580.7255216739761
110000  705.6722318208965
115000  741.4012392577288
120000  1231.7907396383412
125000  1135.8780483350051
130000  1811.7929624542107
135000  1938.0450458646987
140000  1756.678263469307
145000  1952.317235925789
150000  2010.895060819597
155000  1935.454450099422
160000  2086.8784284460658
165000  2057.607461833913
170000  1931.526883569808
175000  1867.549871141505
180000  2039.6560324239927
185000  2051.4992301715756
190000  1944.3470578587262
195000  1987.5744378915638
200000  2079.8234580053454
205000  2192.210724933879
210000  1477.5122333418542
215000  2108.85099099663
220000  2087.7384337327785
225000  2187.3446084072502
230000  2228.779270251466
235000  2164.1991381030057
240000  1737.276969633799
245000  2243.9923233722266
250000  2159.5459012094298
255000  2068.335981491417
260000  2197.212350362144
265000  2150.9643067831535
270000  2180.4426235137735
275000  2107.925670658021
280000  2050.906469644341
285000  2218.867701288521
290000  2257.3415946997466
295000  2190.2450577015234
300000  2174.112567211624
305000  2019.4133282902415
310000  2218.9483047996173
315000  2118.5378482109027
320000  2170.4481395458192
325000  2215.6772579071394
330000  2203.3476342154054
335000  2197.065659907951
340000  2151.2858181076745
345000  2135.2806653716475
350000  2264.2861078469077
355000  2219.1674567128857
360000  2208.63991933773
365000  2210.7254499461887
370000  2218.9331216419023
375000  2151.680579124464
380000  2142.858210273713
385000  2099.384823768246
390000  2303.0703941088623
395000  2154.3928180525463
400000  2227.1751822448864
405000  2273.284290712597
410000  2196.548171017432
415000  2215.2206754165545
420000  2303.1811472919717
425000  2202.791924985721
430000  2017.8995441067677
435000  2187.698666483006
440000  2147.278637093056
445000  2171.8234724409695
450000  2067.2427971556453
455000  2118.3430200280986
460000  2196.2337588685405
465000  2198.739093479553
470000  2236.6305689175747
475000  2068.8035170758494
480000  2034.4679385709612
485000  1871.2139107508367
490000  2262.455089309223
495000  2319.8769990721003
500000  2194.0898480276446
505000  2219.24363259881
510000  2130.3949029121422
515000  2153.3407159680582
520000  2275.143389548309
525000  2223.4388284117404
530000  2050.024873141461
535000  1820.5424147102026
540000  2111.5952617203907
545000  2183.5179592645236
550000  2330.068452950549
555000  2214.2580909525705
560000  2211.171588359143
565000  2267.1471036337434
570000  2139.512782871032
575000  2265.3020634285513
580000  2120.2635332769687
585000  2212.302750052942
590000  2203.0515711013477
595000  2305.4893064823846
600000  2248.398683751848
605000  2246.445825547501
610000  2276.6866210484304
615000  1380.5100751504476
620000  2116.888346111003
625000  2281.797392310745
630000  2282.3272080682646
635000  2251.98509551209
640000  2192.0973401914966
645000  2137.6483941810275
650000  2188.8109690064193
655000  2184.2999466103674
660000  2152.9699302642143
665000  2220.3365819920477
670000  2291.173651679356
675000  2279.051956918969
680000  2285.4668793535066
685000  2230.259804714466
690000  1262.6346482247395
695000  2214.5254735929334
700000  2064.9133084753603
705000  2247.968955995828
710000  2282.752723009338
715000  2353.505856540026
720000  2273.8321762423125
725000  2094.9355577346714
730000  2155.4285467045306
735000  2127.728385449103
740000  2221.09636236953
745000  1308.3314745825064
750000  2174.6224538651104
755000  2101.8039394977654
760000  2191.956244963692
765000  2224.7327255142054
770000  2156.644841498424
775000  1997.8741151913612
780000  2267.4050166520065
785000  2257.218559331338
790000  2230.4545320494967
795000  2183.6191476591516
800000  2170.1326255630547
805000  2199.5694434916827
810000  2203.522826095731
815000  1954.8798777807897
820000  2105.2679045335562
825000  2051.6732314080455
830000  2107.0654877724787
835000  2131.9020180347316
840000  2096.4631288155833
845000  2079.4195620656283
850000  2239.121026043008
855000  1619.190931964567
860000  2176.4926305966956
865000  2120.885235302504
870000  2165.8661485012826
875000  1878.866422051185
880000  2209.604296617083
885000  2193.360774150541
890000  2239.5588590554244
895000  2078.516995588291
900000  1173.2634352536038
905000  1161.3066828786882
910000  1949.060703054161
915000  2227.5494084251995
920000  2177.801567239408
925000  2149.4234090701634
930000  2185.5735305064977
935000  2193.582115835428
940000  2140.5077979564035
945000  2180.6703072763794
950000  2232.7605523053962
955000  2009.4746243309814
960000  2112.5665005751966
965000  2153.681049114762
970000  2212.8151110744166
975000  2143.830309740589
980000  2088.4802602121063
985000  2205.937363419014
990000  2188.1151259845956
995000  2134.4995757531406
1000000  2210.8164563824043
