5000  -2569540.837213693
10000  -2569540.837213693
15000  -424159.01728316897
20000  -424159.01728316897
25000  -424159.01728316897
30000  -424159.01728316897
35000  -424159.01728316897
40000  -424159.01728316897
45000  -424159.2526589936
50000  -424159.01728316897
55000  -424159.01728316897
60000  -424159.01728316897
65000  -424159.01728316897
70000  -424159.01728316897
75000  -424159.01728316897
80000  -424159.01728316897
85000  -424159.01728316897
90000  -424159.01728316897
95000  -424159.01728316897
100000  -424159.01728316897
105000  -424159.01728316897
110000  -424159.01728316897
115000  -424159.01728316897
120000  -424159.01728316897
125000  -424159.01728316897
130000  -424159.01728316897
135000  -424159.01728316897
140000  -424159.01728316897
145000  -424159.01728316897
150000  -424159.01728316897
155000  -424159.01728316897
160000  -424159.01728316897
165000  -424159.01728316897
170000  -424159.01728316897
175000  -424159.01728316897
180000  -424159.01728316897
185000  -424159.01728316897
190000  -424159.01728316897
195000  -424159.01728316897
200000  -424159.01728316897
205000  -424159.01728316897
210000  -424159.01728316897
215000  -424159.01728316897
220000  -424159.01728316897
225000  -424159.01728316897
230000  -424159.01728316897
235000  -424159.01728316897
240000  -424159.01728316897
245000  -424159.01728316897
250000  -424159.01728316897
255000  -424159.01728316897
260000  -424159.01728316897
265000  -424159.01728316897
270000  -424159.01728316897
275000  -424159.01728316897
280000  -424159.01728316897
285000  -424159.01728316897
290000  -424159.01728316897
295000  -424159.01728316897
300000  -424159.01728316897
305000  -424159.01728316897
310000  -424159.01728316897
315000  -424159.01728316897
320000  -424159.01728316897
325000  -424159.01728316897
330000  -424159.01728316897
335000  -424159.01728316897
340000  -424159.01728316897
345000  -424159.01728316897
350000  -424159.01728316897
355000  -424159.01728316897
360000  -424159.01728316897
365000  -424159.01728316897
370000  -424159.01728316897
375000  -424159.01728316897
380000  -424159.01728316897
385000  -424159.01728316897
390000  -424159.01728316897
395000  -424159.01728316897
400000  -424159.01728316897
405000  -424159.01728316897
410000  -424159.01728316897
415000  -424159.01728316897
420000  -424159.01728316897
425000  -424159.01728316897
430000  -424159.01728316897
435000  -424159.01728316897
440000  -424159.01728316897
445000  -424159.01728316897
450000  -424159.01728316897
455000  -424159.01728316897
460000  -424159.01728316897
465000  -424159.01728316897
470000  -424159.01728316897
475000  -424159.01728316897
480000  -424159.01728316897
485000  -424159.01728316897
490000  -424159.01728316897
495000  -424159.01728316897
500000  -424159.01728316897
505000  -424159.01728316897
510000  -424159.01728316897
515000  -424159.01728316897
520000  -424159.01728316897
525000  -424159.01728316897
530000  -424159.01728316897
535000  -424159.01728316897
540000  -424159.01728316897
545000  -424159.01728316897
550000  -424159.01728316897
555000  -424159.01728316897
560000  -424159.01728316897
565000  -424159.01728316897
570000  -424159.01728316897
575000  -424159.01728316897
580000  -424159.01728316897
585000  -424159.01728316897
590000  -424159.01728316897
595000  -424159.01728316897
600000  -424159.01728316897
605000  -424159.01728316897
610000  -424159.01728316897
615000  -424159.01728316897
620000  -424159.01728316897
625000  -424159.01728316897
630000  -424159.01728316897
635000  -424159.01728316897
640000  -424159.01728316897
645000  -424159.01728316897
650000  -424159.01728316897
655000  -424159.01728316897
660000  -424159.01728316897
665000  -424159.01728316897
670000  -424159.01728316897
675000  -424159.01728316897
680000  -424159.01728316897
685000  -521127.40617943124
690000  -363571.8029652018
695000  -363571.8362677044
700000  -872660.7855264826
705000  -1405983.1244787257
710000  -1545381.0899216798
715000  -1557504.277995021
720000  -1557504.4657667172
725000  -1557504.7088930241
730000  -1575687.1211698656
735000  -1605988.1389066873
740000  -1618110.2007694617
745000  -1642351.295735626
750000  -1654475.1525235737
755000  -1648417.2992784195
760000  -1666592.9396288148
765000  -1648410.7717498895
770000  -1648411.1691436616
775000  -1624169.5241470619
780000  -1278708.3460339082
785000  -1745390.7158404023
790000  -1745388.9286809545
795000  -1563564.3098974926
800000  -1521143.419094154
805000  -2236239.262930767
810000  -2242318.1901130737
815000  -2272726.858248377
820000  -581765.1357172793
825000  -2436529.359957953
830000  -4000161.1165703805
835000  -2539457.8475857126
840000  -1993954.0666753214
845000  -2472914.9710286213
850000  -3448834.876577168
855000  -12606694.57686204
860000  -2078892.1128167256
865000  -2103130.1774114445
870000  -2200112.941514131
875000  -2048584.7973331423
880000  -2078904.2432207267
885000  -2297119.6898111585
890000  -3430535.961550141
895000  -2539562.3694448
900000  -2557761.3527125125
905000  -2824457.5035682702
910000  -3012380.322519417
915000  -2478974.768245451
920000  -2775985.849689477
925000  -2133466.683307373
930000  -2418366.8911308115
935000  -2236518.984951288
940000  -2412305.028270552
945000  -2636603.826589142
950000  -2557809.4322534604
955000  -2630536.438321707
960000  -2563856.408856782
965000  -3097267.8258733116
970000  -3133625.650277064
975000  -4012525.2813272476
980000  -5097572.551830482
985000  -4255129.662534593
990000  -13468818.67927759
995000  -17268658.75664147
1000000  -7656440.557873962
