5000  38.619157333453494
10000  38.619157333453494
15000  66.76197214255907
20000  109.12536587178813
25000  133.39341187606425
30000  139.26836116874762
35000  136.90673586693143
40000  153.05868999730706
45000  152.2292064032462
50000  207.24783254053978
55000  244.2854647935485
60000  1523.897332899978
65000  1360.7358361990996
70000  1104.774838814261
75000  1130.0441710105072
80000  1723.4913041881337
85000  1821.9777642151607
90000  908.6996298596066
95000  2173.419524973037
100000  1375.985024389558
105000  1639.370320605056
110000  1965.82189111552
115000  2163.125646482583
120000  526.3328896604221
125000  2408.749031658982
130000  2225.61955432979
135000  2249.97474109389
140000  1800.5401243363497
145000  2298.660959411219
150000  2230.3882312079395
155000  2365.3513587272473
160000  2352.8750902156903
165000  2439.2434398348623
170000  2428.9924638131774
175000  2422.0100443533356
180000  2459.1538511686385
185000  2553.3095494186628
190000  2284.415472380715
195000  2472.214773837821
200000  974.2299401187622
205000  2120.8981905923665
210000  1214.1243149662066
215000  2478.1013934939556
220000  2537.6833740860084
225000  2476.4103204011067
230000  2563.133201086119
235000  2558.894656275078
240000  2584.6127682315246
245000  1925.9773677224355
250000  2220.590551857355
255000  2495.410455758202
260000  2441.498326072978
265000  2483.2903368643747
270000  2388.4888509997477
275000  2366.14710760609
280000  1966.1110945417774
285000  2538.4486891053934
290000  2515.706797325837
295000  2492.5957906465774
300000  2326.4058511355934
305000  2412.2901355845875
310000  2465.4606497526624
315000  204.55017166454996
320000  2537.184918684093
325000  2535.5460674748406
330000  2647.340603358308
335000  2281.90496349144
340000  2594.618586108377
345000  1946.40171182096
350000  658.8426664130851
355000  1856.3949998371106
360000  2089.039253614295
365000  1858.2474269285526
370000  2527.0795122966947
375000  2604.6197850871667
380000  243.5455981106722
385000  2609.845313158231
390000  1963.8373248823423
395000  2352.664520934249
400000  2203.253279820749
405000  2567.881098280795
410000  1402.2469871729263
415000  2178.147287130638
420000  2098.346057643922
425000  2478.1794705212096
430000  2597.3014691047406
435000  2552.9316102236266
440000  2598.997674640753
445000  2625.3453436978552
450000  2544.675224313229
455000  2024.9224161673967
460000  2413.372293300226
465000  2705.167420021015
470000  2269.768888552108
475000  2506.52652117257
480000  2269.410970991375
485000  1576.4914711604056
490000  2235.6735957849846
495000  2661.6844384279284
500000  2260.0921509992213
505000  2455.756127525299
510000  2145.7769430587587
515000  2454.5936132859124
520000  2468.2462529402937
525000  2597.1924461830727
530000  2473.661039705203
535000  2492.520609990697
540000  2206.547502960895
545000  2272.8124228202973
550000  2446.1464047721033
555000  2329.984673518948
560000  2496.742607268042
565000  2535.2728482545035
570000  2679.0586209712947
575000  1798.1957568961066
580000  2435.993077316687
585000  2077.544315168026
590000  752.9026421065466
595000  2470.832244983896
600000  2439.0657800702766
605000  2551.723006119096
610000  2502.961101761409
615000  2432.001289066857
620000  1133.0130851094868
625000  2476.8882354020775
630000  2605.071521387144
635000  2620.197870065841
640000  2506.1290276020177
645000  2416.569673042198
650000  2719.801524477313
655000  2611.374870322532
660000  2704.9409054796483
665000  2546.7445360653364
670000  2620.8073235102997
675000  2161.7591986555585
680000  2493.695588768808
685000  2208.819980029091
690000  2648.4538060579625
695000  2599.554172742755
700000  2501.9174649581137
705000  2568.094053316261
710000  2169.174238774905
715000  2367.442239664161
720000  2532.0050963170665
725000  2608.732039189569
730000  2517.841062079494
735000  2657.591530991199
740000  2651.9330859845386
745000  2516.274503688745
750000  2620.0538186507865
755000  2741.423736699978
760000  2118.3181321306265
765000  2507.2022498312185
770000  2767.374367005804
775000  2664.4096253436546
780000  2559.4966785124957
785000  2543.747164654492
790000  2461.922650798322
795000  2641.795319924656
800000  2684.1501777260464
805000  2619.776012692927
810000  2449.8471411177557
815000  1024.992455592197
820000  1869.9671627020248
825000  2686.5517097401626
830000  2736.0983367883096
835000  2618.5045580913174
840000  2601.189736889935
845000  2487.7513212134118
850000  2551.2296945202306
855000  2421.656327108601
860000  2624.1132079772315
865000  2448.342133423589
870000  2689.69714374674
875000  2758.18907955327
880000  2578.8978042471417
885000  2766.024342856824
890000  2689.2326649209804
895000  2518.574860853099
900000  2538.0763113503426
905000  2669.3750118677112
910000  2745.5738029584836
915000  2661.4376342167257
920000  2613.604510777237
925000  2488.3026091350007
930000  2640.0213230958043
935000  2571.6425229023553
940000  2617.9260527518168
945000  2560.266090657236
950000  2655.5807102151975
955000  2679.111569196928
960000  2735.459419947103
965000  2250.369424929232
970000  2663.822806970769
975000  2470.8225681105023
980000  2578.3920994937607
985000  2629.548786253611
990000  2412.591747646734
995000  2225.318079467258
1000000  2586.7839440224507
