5000  35.43656846498472
10000  35.43656846498472
15000  99.36087123447035
20000  119.09406541475384
25000  156.61432616352556
30000  188.07051021996725
35000  1011.4941129412488
40000  995.6414881324317
45000  603.8222132020717
50000  1014.4393558878874
55000  226.64943793548764
60000  1014.8314971088179
65000  908.7984676905853
70000  270.76902704075394
75000  284.33255689723245
80000  923.9209146627725
85000  829.9391630027922
90000  1188.1559484085642
95000  1194.9667291399942
100000  1199.4722024667212
105000  1460.906353000995
110000  1483.9856249239303
115000  560.9218470244585
120000  1930.8954049948327
125000  1784.628701724314
130000  1556.6999535597658
135000  1764.6204787112154
140000  1995.8520772699771
145000  1722.0928515790179
150000  2025.3356748680083
155000  1917.5693168865869
160000  2007.430166073463
165000  2178.804870215306
170000  2100.429253145807
175000  1566.8290570094266
180000  2209.3405096632678
185000  2303.9428535230268
190000  2214.0634562452055
195000  2262.200859315251
200000  2246.9758345483747
205000  2232.1702482137944
210000  2260.3836230331162
215000  2239.0112477131142
220000  2254.1015476767852
225000  2315.411474308791
230000  2108.6126081987027
235000  2278.95486834193
240000  2260.4503569806393
245000  2261.8205456806045
250000  2251.635227841067
255000  2284.711060488498
260000  2176.1524297725873
265000  2134.6862461564
270000  2055.444555194278
275000  2333.5992816053654
280000  2330.2120092983264
285000  1735.1379674917443
290000  2160.853695432573
295000  2212.135772309872
300000  1950.9880067549343
305000  2260.9969726726767
310000  2326.6619078775466
315000  1855.6316480024198
320000  2254.4854282637284
325000  2148.653034194284
330000  2277.934796104863
335000  2331.420178248887
340000  1971.6966893855108
345000  2312.0757775917587
350000  2296.546993644868
355000  2384.158334889509
360000  2257.671694600432
365000  2284.9503440258195
370000  2401.9032504824304
375000  2301.2676031516335
380000  2302.4061702386743
385000  2245.628150734811
390000  2377.6409105847188
395000  2436.5538886043523
400000  2297.161585919416
405000  2231.5389394068275
410000  2344.2169117261337
415000  2329.1709072427207
420000  2325.4216794250856
425000  2380.162799965658
430000  2331.0265406188746
435000  2322.1671339000764
440000  2296.4430952789653
445000  2304.6515582117763
450000  2443.109489499495
455000  2368.0211349671727
460000  2322.23085629478
465000  2458.698999850252
470000  2388.6575019004786
475000  2363.6897607887618
480000  2349.026576889498
485000  2388.0648092162314
490000  2415.746303420815
495000  2399.532747948146
500000  2345.684212448118
505000  2346.1632907044814
510000  2332.8274238512317
515000  2468.3936666254813
520000  2308.2253106115377
525000  2276.662428323637
530000  2301.6017299988102
535000  2341.230873239594
540000  2388.8829163209725
545000  2418.349822839434
550000  2396.1205546516167
555000  2459.7443896570776
560000  2402.297402750707
565000  2344.2994850352907
570000  2360.510427808882
575000  2415.352565247208
580000  2412.8338042470377
585000  2395.7053472113157
590000  2447.835972768838
595000  2321.012323589692
600000  2405.29990860766
605000  2324.270454575578
610000  2446.9088790264004
615000  2343.4287100731317
620000  2338.4150249598856
625000  2263.94810689158
630000  2351.303498190232
635000  2441.473816121733
640000  2375.864963287154
645000  2375.646697288642
650000  2390.8870901936793
655000  2500.4434691228025
660000  2263.991668011627
665000  2478.1906689311336
670000  2419.5223693359976
675000  2324.400309852198
680000  2431.3819941164984
685000  2379.209539249325
690000  2440.997852124038
695000  2406.0084903859456
700000  2389.079878725642
705000  2374.317582658366
710000  2396.7877614702243
715000  2385.744624330505
720000  2369.3529132536255
725000  2400.0369118813187
730000  2398.201554589831
735000  2403.1354709130073
740000  2377.014613546032
745000  2340.2093169037153
750000  2514.1967653575634
755000  2349.123703131764
760000  2318.725995148513
765000  2411.393582441055
770000  2375.3763359178265
775000  2420.487916796398
780000  2428.1841949345608
785000  2125.219693228338
790000  2275.778767902426
795000  2388.4668585850272
800000  2359.0163371004473
805000  2274.5252281317466
810000  2304.5121953192547
815000  2250.468580639562
820000  2414.722029325469
825000  2406.9230187533562
830000  2301.6028296450595
835000  2422.028501530911
840000  2324.587450246138
845000  2403.8129833374155
850000  2269.179643180623
855000  2422.875381292251
860000  2428.5336236110124
865000  2409.1469319503844
870000  2388.640111227871
875000  2355.4364186405855
880000  2249.236415363369
885000  2415.9348890207134
890000  2157.5070177922594
895000  2341.3185345570455
900000  2359.1985878537885
905000  2555.1651291549783
910000  2441.0391713220097
915000  1713.1971009320737
920000  2310.3333877631203
925000  2369.404136849498
930000  2346.0364262857106
935000  2474.764063494857
940000  2204.2221538513086
945000  2301.4380373099857
950000  2382.8488934854868
955000  936.6623091856366
960000  2379.0429520442062
965000  1683.907574328157
970000  2466.6708271123866
975000  2473.458746546422
980000  2350.579931740027
985000  2376.2715989086146
990000  2422.7122758715645
995000  2289.0556522693055
1000000  2452.2736484128827
