5000  39.4289321862272
10000  39.4289321862272
15000  76.80386127837396
20000  144.56153580134304
25000  108.37769926144463
30000  412.7373921774573
35000  410.14219801192473
40000  409.1912403533631
45000  718.4460752766381
50000  1126.801674463416
55000  1270.2787482106583
60000  1370.872118537139
65000  1303.0285543397363
70000  1554.5216140631312
75000  1639.337166883348
80000  1574.457836448279
85000  1540.4471061086053
90000  1742.2792719916088
95000  1679.5268511264426
100000  1822.9652055413994
105000  1803.489197307649
110000  1826.521713093412
115000  1855.8384510378687
120000  1871.7334846201804
125000  1821.0483000736597
130000  1895.4126363869934
135000  1901.9777964062578
140000  1807.4564126878126
145000  1847.2871770423906
150000  1869.7568271219395
155000  1875.4069041744667
160000  1894.862817880441
165000  1759.8063945805013
170000  2014.1035820916622
175000  1957.5985651945418
180000  2011.5903589184338
185000  1979.7944375833151
190000  2003.5606134213551
195000  2085.1208132273305
200000  2000.3476560918687
205000  1642.212650839944
210000  1925.0593799310986
215000  1609.1077441526086
220000  1941.4374390845144
225000  1357.3534682438062
230000  1951.4754806350393
235000  1875.2156126502007
240000  2035.6058859186603
245000  982.5231526895959
250000  1877.9601225789465
255000  2021.6368893874333
260000  1667.5360854604496
265000  1466.2162992976496
270000  1907.8334843365622
275000  1758.3534483933217
280000  1965.7641051417952
285000  2070.4471161755437
290000  2028.3049666450165
295000  1882.0026228391132
300000  2063.481865162867
305000  138.0411899222046
310000  2083.4766174688375
315000  1897.0595161353056
320000  2042.1070256237872
325000  1415.7968968632754
330000  1972.44375784264
335000  1844.4108069290785
340000  2005.4808704398977
345000  1841.7522664234548
350000  2050.718173991535
355000  2086.907355850523
360000  2049.3969478220292
365000  2109.697520226345
370000  1899.6720719626217
375000  2094.7417643381955
380000  1570.1593342710917
385000  2064.5987841948613
390000  2062.8238512480784
395000  1772.773132929943
400000  1990.692189631403
405000  1287.778650242345
410000  1940.9237675514673
415000  2112.661036453523
420000  2079.79119033055
425000  1712.0033578730709
430000  1917.0122511735747
435000  1891.3023458673626
440000  2096.171654939241
445000  2103.69836914463
450000  1940.9846137357501
455000  1826.981209341672
460000  1949.946642585151
465000  1914.3002388576951
470000  1960.3503013295654
475000  2157.7263779716222
480000  1991.7422163833412
485000  1933.1289163890342
490000  2072.3341770900815
495000  2057.731503081355
500000  2056.791849244596
505000  1897.907007252114
510000  1961.3288519506227
515000  2043.1940356165483
520000  2031.984558684193
525000  1973.5729023824265
530000  2056.5533638070565
535000  1840.852080536138
540000  1834.3692889663162
545000  2131.7446390208784
550000  1978.686109848959
555000  2019.727444792162
560000  1945.7682234727558
565000  2039.1445394829632
570000  1912.6832439674247
575000  2016.7405304260424
580000  2053.024811490098
585000  2069.049919830927
590000  2037.6430990888766
595000  2047.910801067025
600000  2055.288959181238
605000  2023.8480146274353
610000  1858.5649444446026
615000  2071.442260737492
620000  2103.250650799581
625000  2090.9211643903664
630000  2005.017067837841
635000  2023.5346537144003
640000  1944.263474322945
645000  2046.0388020936775
650000  2001.4074365707584
655000  2080.1527075687595
660000  1994.4271094061792
665000  2023.2771136291526
670000  1925.1096142074744
675000  2054.124896458649
680000  1985.480980868395
685000  2074.008002527967
690000  1953.966597352477
695000  1966.4859882159976
700000  2007.6803436868718
705000  1999.9557055057962
710000  2066.7545036968604
715000  2011.2579872775163
720000  1950.2280219044012
725000  1978.3199812610515
730000  1977.5614076479608
735000  1941.8942965845622
740000  1957.4626187806557
745000  1799.4251677781867
750000  1875.9551864728353
755000  1981.2450100057692
760000  1992.6858732504188
765000  1953.5512763922154
770000  1945.9991858924386
775000  2021.3763434503835
780000  1913.531928638513
785000  1917.8656225650295
790000  1987.1969238922575
795000  1952.9393616550399
800000  2038.476901533969
805000  1960.3580774795125
810000  1961.179089137861
815000  1891.0432639996193
820000  1485.9222767885778
825000  2037.57251090397
830000  1719.9288553743893
835000  2070.3277825585255
840000  2018.3155346256135
845000  2032.7015956184594
850000  1828.8131131975806
855000  1975.991140504973
860000  725.8322377300238
865000  1991.934160152124
870000  1842.543622151119
875000  1852.7719877146221
880000  1762.753013923869
885000  2044.4575015800208
890000  1799.8055830112517
895000  1972.6227157663711
900000  1956.1558574417045
905000  1473.6928898146175
910000  1751.8880848501801
915000  1722.1718053085217
920000  1492.0868929089431
925000  2037.1964753556379
930000  2051.883554292864
935000  2038.0995789770313
940000  2001.7755664252782
945000  2041.6350861195067
950000  1529.9580012304407
955000  1992.3810406369623
960000  1772.0474624987569
965000  1953.647225741967
970000  1972.8025483171016
975000  1867.9108478792186
980000  1988.4753026002813
985000  1269.8691561026308
990000  1915.9171346535763
995000  2080.1655916913014
1000000  2065.0958096794666
