5000  38.619157333453494
10000  38.619157333453494
15000  134.63376218369666
20000  127.03467023936798
25000  252.92778803026226
30000  1340.9292448591095
35000  1031.9224321261931
40000  1094.9815523708278
45000  1649.8738995442782
50000  1578.488010361071
55000  1698.551591767585
60000  1511.2535624312702
65000  1588.4516930956233
70000  1880.692410592781
75000  2130.7637686820153
80000  604.4550669617154
85000  1859.081119276298
90000  2082.495557454786
95000  728.8529584019983
100000  1963.3261239191488
105000  1465.8671344439695
110000  1559.9495849156758
115000  1852.3945745501296
120000  1841.3639383483908
125000  1862.1550203238548
130000  2142.112085639629
135000  2104.47032324923
140000  2149.513478683408
145000  2187.258004804214
150000  1350.711241381498
155000  2176.949998770912
160000  2283.129019803166
165000  2249.417564183503
170000  2218.65485258272
175000  2317.856889841022
180000  2260.433800644377
185000  2378.083732575836
190000  2367.74846124968
195000  2268.7035300302596
200000  2185.5518572011747
205000  2370.68434254799
210000  2379.732047422407
215000  2396.7094145156066
220000  2309.0982788473875
225000  2341.3024240293907
230000  2266.5945508312093
235000  2341.382031843221
240000  2331.273519349809
245000  2408.052978117817
250000  2063.9226183140563
255000  2392.530389228301
260000  2426.3169084808974
265000  2379.408443748095
270000  2405.021208630538
275000  2160.935716848951
280000  2339.9389259817976
285000  2339.8441621308057
290000  2356.3551665754676
295000  2234.2800880554255
300000  2109.9435697555964
305000  2095.4067814170894
310000  2427.9374697606713
315000  2449.744220873818
320000  2165.25483841053
325000  2219.562921016589
330000  2253.4690934457303
335000  2143.862361752626
340000  2340.1518890126686
345000  2138.0075210876207
350000  2189.5661068403733
355000  2366.3402635410307
360000  2390.6183267897686
365000  2322.407674623277
370000  1407.8878451519035
375000  2322.8109651779187
380000  2038.3445530367003
385000  2032.7912788697224
390000  2340.308573980784
395000  2425.096795002543
400000  2115.763251701948
405000  2255.0156476014113
410000  2218.921681590594
415000  2373.223722285249
420000  2351.369671156369
425000  1828.1324655437995
430000  2323.248537144359
435000  2391.3019290529105
440000  2432.7320509148835
445000  1968.1786710980136
450000  2033.6443076290514
455000  1338.416584527386
460000  2175.7811501087663
465000  2440.4633824536254
470000  2328.757306004472
475000  2411.1709309467064
480000  2328.144860973634
485000  1702.0785114100206
490000  1199.406470937884
495000  2008.30982315849
500000  2374.7565926211346
505000  2165.2534607309185
510000  2357.0826504032
515000  2235.2527662343036
520000  2358.328758452738
525000  2278.196041812146
530000  2304.135282377103
535000  2303.5930006305393
540000  2200.9969147477614
545000  2399.599982075795
550000  2333.5789187666824
555000  2179.2097947933307
560000  2358.6350011300265
565000  2493.938145871829
570000  2222.2946506395338
575000  2086.1509742400463
580000  2185.0096797756423
585000  2169.985482870794
590000  2076.1441514009475
595000  2315.282076415705
600000  2261.988597097349
605000  2354.9256751479784
610000  2259.2190705565536
615000  2509.716039654295
620000  2266.8607869326243
625000  2455.6633596628135
630000  2173.749187000773
635000  2489.1115887869787
640000  2277.4830616391264
645000  2316.333844926391
650000  2287.1719503200165
655000  2387.052263138864
660000  2339.9182142850964
665000  2092.248494400018
670000  2125.520747102658
675000  1928.322321984316
680000  2291.5147700874963
685000  2353.185865933555
690000  2325.9335205040875
695000  2354.7992089443064
700000  2332.3702611457725
705000  2356.4220511702492
710000  2331.3863711832228
715000  2422.9501708932676
720000  2310.7487856791704
725000  2414.498974899648
730000  2488.4983555740214
735000  2433.154855341751
740000  2374.406720017143
745000  2227.820039077385
750000  2402.852776221044
755000  2270.5038623555874
760000  1725.4239008366671
765000  2339.0978901661183
770000  2047.309562196416
775000  2353.820573516347
780000  2384.2051093376003
785000  2270.346527130474
790000  2405.4375813594006
795000  2357.160703117832
800000  2412.6501792873623
805000  2003.9758533376328
810000  2414.6105502846676
815000  2275.6618202991044
820000  2302.0357695764055
825000  2248.4848324008763
830000  2312.445182836062
835000  2276.7556361072725
840000  2287.446565309946
845000  2253.531633248854
850000  2341.4769312855524
855000  2219.5540870537493
860000  2464.685073334114
865000  2360.0487909605677
870000  2283.9506227083966
875000  2323.4260035527595
880000  2295.709435907299
885000  2418.3214325423
890000  2386.080343533821
895000  2379.609549147653
900000  2077.958495635564
905000  2296.386125607075
910000  2315.4668745025547
915000  2313.641718316795
920000  2243.703228078544
925000  2342.613266864446
930000  2247.7817314137474
935000  2373.9237698770366
940000  2345.658381151224
945000  1656.7594486973944
950000  2282.533102882306
955000  2354.8982017276517
960000  2222.037157841257
965000  2320.2396634371403
970000  2051.391331877727
975000  2422.693472608146
980000  2162.298456102803
985000  2275.723721772857
990000  2021.9978857599133
995000  2230.250019905149
1000000  2155.228687756984
