5000  29.409905188113033
10000  29.409905188113033
15000  82.83974163746245
20000  1014.881696416699
25000  131.10093535905034
30000  159.87561539131394
35000  301.0175046209414
40000  314.14615300481717
45000  587.8845616263977
50000  1601.7189391595039
55000  1397.0934593444538
60000  1705.83121590352
65000  1809.8409076585704
70000  1861.1054092492054
75000  1863.8150443898862
80000  1974.4017697970162
85000  2050.027995927519
90000  2005.9902269136674
95000  1752.7106960932201
100000  1444.022358231304
105000  2250.7668337096193
110000  2349.1532454316903
115000  2217.420874527868
120000  2365.85558312093
125000  2479.1056779588694
130000  2304.479698025677
135000  2237.3280576115353
140000  2457.917146933262
145000  2418.4527685284584
150000  2416.0238884477003
155000  2459.7885514222376
160000  2439.83065370349
165000  2524.338181242001
170000  2382.240794596
175000  1927.2310166210514
180000  2415.859869675555
185000  2549.9491935666606
190000  2532.1680079200364
195000  2386.1556201102276
200000  2465.457610711369
205000  1757.617377153661
210000  2275.8194548534275
215000  2207.4389449197506
220000  2661.007276754162
225000  2505.382120688391
230000  2284.8476444670277
235000  614.6677378975378
240000  2564.892010347622
245000  2446.8859653961517
250000  2429.9320139654815
255000  2567.103918576474
260000  2553.459232991184
265000  2478.2673674347666
270000  2512.801709967885
275000  2532.5870332508734
280000  2536.312335871061
285000  2462.5666309570647
290000  2454.8486027051736
295000  2522.458521439661
300000  2452.1451946676243
305000  2470.3976617011112
310000  2477.4631442286095
315000  2416.78362571145
320000  2481.2655289065515
325000  2461.7498746012925
330000  2413.3908497478374
335000  2448.942062766604
340000  2381.041430967442
345000  2389.979902855856
350000  2460.4903089367326
355000  2444.2775102911096
360000  2457.659654491125
365000  2404.9598743442957
370000  2484.364700637499
375000  2410.703978237636
380000  2243.827390017474
385000  2406.2358905595165
390000  2509.463911724782
395000  2524.806259639521
400000  2390.4374348348497
405000  2512.483860016074
410000  2445.5611728189438
415000  2491.7076538470033
420000  2551.390306432387
425000  2394.8785983085454
430000  2240.573645160212
435000  2574.1872947009538
440000  2543.4459319549333
445000  2438.1522325810206
450000  2491.0982408857976
455000  2593.964326690573
460000  2462.0168072921215
465000  2298.4911002080344
470000  2509.821431793044
475000  550.7221895555283
480000  2459.678171060746
485000  2583.5928443825537
490000  2412.6507394294663
495000  2468.01183645912
500000  2367.9268193775324
505000  2317.872025397143
510000  2405.316535304569
515000  2372.571836041905
520000  2514.5393948496385
525000  2414.405926695386
530000  2401.733350406714
535000  2540.5327548516566
540000  2322.8479592828817
545000  1522.8536222583448
550000  2459.6168448438884
555000  2382.0250688977526
560000  2500.198363597418
565000  2495.712336581998
570000  1504.0289039693987
575000  2588.392562467133
580000  2557.114856991998
585000  1769.8256173598136
590000  2412.194241538504
595000  2521.578654197351
600000  2026.0732894068685
605000  2440.244206858181
610000  2510.6376399883766
615000  2471.0645503709707
620000  2445.931117182445
625000  2474.8370730175893
630000  2483.1980179506672
635000  2496.6504681633605
640000  2233.197435252866
645000  2282.97436189999
650000  2573.0826089864236
655000  2163.045115554066
660000  2507.039751329244
665000  2303.865547267154
670000  2458.8385561799746
675000  2634.0169358706858
680000  2412.7477945742385
685000  2478.5439936475273
690000  2589.2019979466636
695000  2410.2756423287747
700000  2384.956405827218
705000  2123.4353354418427
710000  2407.120666100806
715000  2431.1003294022307
720000  2291.516307198907
725000  2362.5383432051626
730000  1982.2393061190214
735000  2419.8802337628395
740000  2511.121654715957
745000  2502.698612991919
750000  2433.409844055338
755000  2495.1348804974014
760000  2338.5182578293925
765000  2370.7360612744055
770000  2437.884738337293
775000  2430.889702424127
780000  2457.6316833605815
785000  2430.8897277640826
790000  2095.4039981765554
795000  2390.473718957967
800000  2471.0763318704035
805000  2336.930510617362
810000  2398.4348046152736
815000  2385.5011364199227
820000  2475.732102448897
825000  2452.524494063099
830000  2451.7532501177625
835000  2247.411724163267
840000  2447.9703586602554
845000  2304.765580343787
850000  2339.3448104890194
855000  2361.3491948198566
860000  2328.0443386596194
865000  2359.029660321379
870000  2409.882517745197
875000  2063.576808785898
880000  2326.31770030202
885000  2005.4835409752723
890000  2389.9462374870673
895000  2414.967810017906
900000  2422.3865445496913
905000  2432.5043071315904
910000  2480.252477017987
915000  2430.1020207501506
920000  2454.0116872487924
925000  2415.3783038837214
930000  2339.28591964119
935000  2548.528553752344
940000  2365.8210112001593
945000  2278.2115966992615
950000  2368.9853112220835
955000  2475.711108564955
960000  2178.5822605199323
965000  1981.919893064812
970000  2348.400766291631
975000  2378.7384371660914
980000  2321.645551807767
985000  757.8851238587685
990000  2413.4811476007476
995000  2456.8207509319086
1000000  2385.6385980911045
