5000  -4090878.9784207814
10000  -4090878.9784207814
15000  -424159.09689426207
20000  -424159.6762249636
25000  -424159.6762249636
30000  -424159.6762249636
35000  -424159.6762249636
40000  -424159.6762249636
45000  -424159.6762249636
50000  -424159.6762249636
55000  -424159.6762249636
60000  -424159.6762249636
65000  -424159.6762249636
70000  -424159.6762249636
75000  -424159.6762249636
80000  -424159.6762249636
85000  -424159.6762249636
90000  -424159.6762249636
95000  -424159.6762249636
100000  -424159.6762249636
105000  -424159.6762249636
110000  -424159.6762249636
115000  -424159.6762249636
120000  -424159.6762249636
125000  -424159.6762249636
130000  -424159.6762249636
135000  -424159.6762249636
140000  -424159.6762249636
145000  -424159.6762249636
150000  -424159.6762249636
155000  -424159.6762249636
160000  -424159.6762249636
165000  -424159.6762249636
170000  -424159.6762249636
175000  -424159.6762249636
180000  -424159.6762249636
185000  -424159.6762249636
190000  -424159.6762249636
195000  -424159.6762249636
200000  -424159.6762249636
205000  -424159.6762249636
210000  -424159.6762249636
215000  -424159.6762249636
220000  -424159.6762249636
225000  -424159.6762249636
230000  -424159.6762249636
235000  -424159.6762249636
240000  -424159.6762249636
245000  -424159.6762249636
250000  -424159.6762249636
255000  -424159.6762249636
260000  -424159.6762249636
265000  -424159.6762249636
270000  -424159.6762249636
275000  -424159.6762249636
280000  -424159.6762249636
285000  -424159.6762249636
290000  -424159.6762249636
295000  -424159.6762249636
300000  -424159.6762249636
305000  -424159.6762249636
310000  -424159.6762249636
315000  -424159.6762249636
320000  -424159.6762249636
325000  -424159.6762249636
330000  -424159.6762249636
335000  -424159.6762249636
340000  -424159.6762249636
345000  -424159.6762249636
350000  -424159.6762249636
355000  -424159.6762249636
360000  -424159.6762249636
365000  -424159.6762249636
370000  -424159.6762249636
375000  -424159.6762249636
380000  -424159.6762249636
385000  -424159.6762249636
390000  -424159.6762249636
395000  -424159.6762249636
400000  -424159.6762249636
405000  -424159.6762249636
410000  -424159.6762249636
415000  -424159.6762249636
420000  -424159.6762249636
425000  -424159.6762249636
430000  -424159.6762249636
435000  -424159.6762249636
440000  -424159.6762249636
445000  -424159.6762249636
450000  -424159.6762249636
455000  -424159.6762249636
460000  -424159.6762249636
465000  -424159.6762249636
470000  -424159.6762249636
475000  -424159.6762249636
480000  -424159.6762249636
485000  -424159.6762249636
490000  -424159.6762249636
495000  -424159.6762249636
500000  -424159.6762249636
505000  -424159.6762249636
510000  -424159.6762249636
515000  -424159.6762249636
520000  -424159.6762249636
525000  -424159.6762249636
530000  -424159.6762249636
535000  -424159.6762249636
540000  -424159.6762249636
545000  -424159.6762249636
550000  -424159.6762249636
555000  -424159.6762249636
560000  -424159.6762249636
565000  -424159.6762249636
570000  -424159.6762249636
575000  -424159.6762249636
580000  -424159.6762249636
585000  -424159.6762249636
590000  -424159.6762249636
595000  -424159.6762249636
600000  -424159.6762249636
605000  -424159.6762249636
610000  -424159.6762249636
615000  -424159.6762249636
620000  -424159.6762249636
625000  -424159.6762249636
630000  -424159.6762249636
635000  -424159.6762249636
640000  -424159.6762249636
645000  -424159.6762249636
650000  -424159.6762249636
655000  -424159.6762249636
660000  -424159.6762249636
665000  -424159.6762249636
670000  -424159.6762249636
675000  -424159.6762249636
680000  -424159.6762249636
685000  -424159.6762249636
690000  -424159.6762249636
695000  -424159.6762249636
700000  -424159.6762249636
705000  -424159.6762249636
710000  -424159.6762249636
715000  -424159.6762249636
720000  -424159.6762249636
725000  -424159.6762249636
730000  -424159.6762249636
735000  -424159.6762249636
740000  -424159.6762249636
745000  -424159.6762249636
750000  -424159.6762249636
755000  -424159.6762249636
760000  -424159.6762249636
765000  -424159.6762249636
770000  -424159.6762249636
775000  -424159.6762249636
780000  -424159.6762249636
785000  -424159.6762249636
790000  -424159.6762249636
795000  -424159.6762249636
800000  -424159.6762249636
805000  -424159.6762249636
810000  -424159.6762249636
815000  -424159.6762249636
820000  -424159.6762249636
825000  -424159.6762249636
830000  -424159.6762249636
835000  -424159.6762249636
840000  -424159.6762249636
845000  -424159.6762249636
850000  -424159.6762249636
855000  -424159.6762249636
860000  -424159.6762249636
865000  -424159.6762249636
870000  -424159.6762249636
875000  -424159.6762249636
880000  -424159.6762249636
885000  -424159.6762249636
890000  -424159.6762249636
895000  -424159.6762249636
900000  -424159.6762249636
905000  -424159.6762249636
910000  -424159.6762249636
915000  -424159.6762249636
920000  -424159.6762249636
925000  -424159.6762249636
930000  -424159.6762249636
935000  -424159.6762249636
940000  -424159.6762249636
945000  -424159.6762249636
950000  -424159.6762249636
955000  -424159.6762249636
960000  -424159.6762249636
965000  -424159.6762249636
970000  -424159.6762249636
975000  -424159.6762249636
980000  -424159.6762249636
985000  -424159.6762249636
990000  -424159.6762249636
995000  -424159.6762249636
1000000  -424159.6762249636
