5000  -1.131522546396591
10000  -1.131522546396591
15000  -1.137505704155192
20000  -1.1405914379050954
25000  -1.1350258306763135
30000  -1.1362368546682409
35000  -1.1343544158281291
40000  -1.1342675111663993
45000  -1.134211495522177
50000  -1.1325992974586554
55000  -1.1340090582973787
60000  -1.1351502876542507
65000  -1.1327044341358123
70000  -1.1332231836358548
75000  -1.132634176732099
80000  -1.1321837846733978
85000  -1.133641437899787
90000  -1.1335900287958796
95000  -1.1319086488935863
100000  -1.132570189081016
105000  -1.1328978805086807
110000  -1.1337200273113557
115000  -1.1348032814078035
120000  -1.1329794087063054
125000  -1.1333862152532672
130000  -1.1349247546354309
135000  -1.1358866389398465
140000  -1.1331693345482925
145000  -1.132490055230446
150000  -1.1336590724764393
155000  -1.1340258409478703
160000  -1.135028719016118
165000  -1.1358336668531412
170000  -1.1370107345608995
175000  -1.1345122957928107
180000  -1.1337509264121761
185000  -1.1360039553092793
190000  -1.1353096054063643
195000  -1.1352496575471014
200000  -1.137015080023557
205000  -1.137627602168359
210000  -1.1348271658970044
215000  -1.1364545293524864
220000  -1.1349709290452301
225000  -1.1340027885744346
230000  -1.1353462090203539
235000  -1.1342613715864718
240000  -1.1342277386807837
245000  -1.1352619848772885
250000  -1.136529662720859
255000  -1.1341432165307923
260000  -1.1347265161853284
265000  -1.1330551315378399
270000  -1.1355213570594787
275000  -1.1334706194512547
280000  -1.135993269965984
285000  -1.1345567356748505
290000  -1.1337063412275168
295000  -1.1339354308554905
300000  -1.1325819569407032
305000  -1.1339464416354894
310000  -1.1343369734380393
315000  -1.1331187489512375
320000  -1.13400335426908
325000  -1.133008320464287
330000  -1.1333673145528884
335000  -1.133352298391983
340000  -1.1349584008799867
345000  -1.1331713206344285
350000  -1.1326391558651812
355000  -1.135299610379152
360000  -1.1326448792486918
365000  -1.1337437852297445
370000  -1.1328613830218093
375000  -1.1329484616429544
380000  -1.1340636904397978
385000  -1.1326752997830043
390000  -1.1332009085384196
395000  -1.1328500052844175
400000  -1.134453801019117
405000  -1.1322659903974273
410000  -1.1325070031918583
415000  -1.1356375182711054
420000  -1.1331187967257574
425000  -1.1329434475745075
430000  -1.1324511536897626
435000  -1.1327734893839807
440000  -1.131797054017661
445000  -1.1335192294511944
450000  -1.1319214914226905
455000  -1.1322265932010487
460000  -1.1335795508185402
465000  -1.1340009396965616
470000  -1.1338694033224601
475000  -1.1347323537012564
480000  -1.133044556467794
485000  -1.1341950318962335
490000  -1.133667538659647
495000  -1.1332011334784329
500000  -1.133293161690235
505000  -1.1342627463804091
510000  -1.1345277728768994
515000  -1.1333636810077587
520000  -1.132593408655375
525000  -1.1328381975367665
530000  -1.1335409018257632
535000  -1.1336411172524097
540000  -1.135333618633449
545000  -1.1344653555657713
550000  -1.132963195767952
555000  -1.1350467819208279
560000  -1.1328148723300546
565000  -1.1328192086098716
570000  -1.1322963731514757
575000  -1.1332816929556428
580000  -1.1338576361257582
585000  -1.1343248188204595
590000  -1.133857384310104
595000  -1.1336894895276053
600000  -1.1347263526357712
605000  -1.132310262019746
610000  -1.1338050493225453
615000  -1.132825250622118
620000  -1.132839467400918
625000  -1.1333568469854072
630000  -1.1327418785833288
635000  -1.1334277107683008
640000  -1.1340552224358542
645000  -1.133747358166147
650000  -1.1330154648132158
655000  -1.132525164396502
660000  -1.1320759144239125
665000  -1.133423436670564
670000  -1.1332850708160547
675000  -1.1331300811702385
680000  -1.1320079750590957
685000  -1.1326368606300092
690000  -1.1324366127210668
695000  -1.13274832428433
700000  -1.1332453132327647
705000  -1.1339839544298593
710000  -1.1339188690483573
715000  -1.133590292367153
720000  -1.1339280665339904
725000  -1.1332855632854624
730000  -1.134571249866858
735000  -1.1328660557814874
740000  -1.1326677954825575
745000  -1.1331875412911177
750000  -1.1329561551613734
755000  -1.132144201094052
760000  -1.1327945924026426
765000  -1.1327846569253597
770000  -1.132471892106114
775000  -1.1324929418682586
780000  -1.132151086027734
785000  -1.132169634059537
790000  -1.1325884225906337
795000  -1.1335262336628513
800000  -1.1319315697089767
805000  -1.1335652032040526
810000  -1.1321079374826513
815000  -1.13281268861494
820000  -1.1341839904803783
825000  -1.13265126201557
830000  -1.1333299156138672
835000  -1.1338505869498476
840000  -1.1322384177509228
845000  -1.132204022966325
850000  -1.1321033028990497
855000  -1.1330797541770152
860000  -1.132523493609333
865000  -1.13300255399663
870000  -1.1324291383044327
875000  -1.1351465604500848
880000  -1.1340966891357673
885000  -1.133321753651835
890000  -1.132594110390637
895000  -1.135036138612777
900000  -1.1344804211636075
905000  -1.1319533823197705
910000  -1.1322953418432735
915000  -1.1329541692929341
920000  -1.132894383162493
925000  -1.132640935119707
930000  -1.1333380083879456
935000  -1.1316956638603006
940000  -1.1314642214955528
945000  -1.1325251509191003
950000  -1.132102801721776
955000  -1.1318009479477769
960000  -1.133526965202764
965000  -1.135255167330615
970000  -1.1330439449381084
975000  -1.1325304153189062
980000  -1.1320394088327885
985000  -1.1330471408832818
990000  -1.1324140007281676
995000  -1.1328919744875747
1000000  -1.1324578825745264
