5000  -1.1713734757545171
10000  -1.1713734757545171
15000  -1.1835014855489132
20000  -1.1935044017713516
25000  -1.18081840289291
30000  -1.1766007226880175
35000  -1.1747933263971935
40000  -1.1797397817671298
45000  -1.1760874402930495
50000  -1.1740563533897512
55000  -1.1741703035950193
60000  -1.1740391339705094
65000  -1.173915860945708
70000  -1.175363292230759
75000  -1.1759837605012582
80000  -1.1742436984181404
85000  -1.179008423284977
90000  -1.1780344489298293
95000  -1.1754773427546026
100000  -1.1734359665377998
105000  -1.1744748292688745
110000  -1.1754758698190562
115000  -1.1745841228635983
120000  -1.174708998927381
125000  -1.174436840985436
130000  -1.1754956946219317
135000  -1.1757558140577749
140000  -1.1749086520494894
145000  -1.1772851819195784
150000  -1.1743061880045569
155000  -1.1748355025704948
160000  -1.1754765252047217
165000  -1.1743787154252643
170000  -1.200377791118808
175000  -1.174577374267392
180000  -1.1753539685998111
185000  -1.1790178404562177
190000  -1.179792427625507
195000  -1.1761793435073924
200000  -1.1777011846657843
205000  -1.1801830816152505
210000  -1.182242320040241
215000  -1.1834780206996949
220000  -1.1763371762516908
225000  -1.1771470912732185
230000  -1.1833847754448654
235000  -1.1756705698079897
240000  -1.1773459219769575
245000  -1.178908059517853
250000  -1.176690649315715
255000  -1.1809891844913363
260000  -1.1811128453724087
265000  -1.1770551522774624
270000  -1.1779861973971129
275000  -1.1823277905164287
280000  -1.1772207874874583
285000  -1.1801399040967224
290000  -1.1797135474998504
295000  -1.178414797852747
300000  -1.1743771386286244
305000  -1.1749103514291348
310000  -1.1764826880581674
315000  -1.179513602228835
320000  -1.1751222138106825
325000  -1.1759168368694373
330000  -1.1814284011418932
335000  -1.176247828400228
340000  -1.1771631424035878
345000  -1.1758761658903676
350000  -1.1776224505156279
355000  -1.1771761194593273
360000  -1.176815612576902
365000  -1.177621528352611
370000  -1.174244273691438
375000  -1.1747668353072367
380000  -1.1760790331452153
385000  -1.1750785459997135
390000  -1.1739182985248047
395000  -1.1739372548763638
400000  -1.176467266625259
405000  -1.175505670234561
410000  -1.1734638023597652
415000  -1.1726024167053404
420000  -1.1745177942560985
425000  -1.1737508343462832
430000  -1.1741692560585215
435000  -1.1739928468037397
440000  -1.174359595029382
445000  -1.1725695482315497
450000  -1.1717576831625776
455000  -1.1729335603863003
460000  -1.175063770947745
465000  -1.174926905161701
470000  -1.1735217982716857
475000  -1.173230375838466
480000  -1.1748931923415513
485000  -1.1741308388137257
490000  -1.1740630573581439
495000  -1.1734380124311428
500000  -1.1744348850799722
505000  -1.1738242467632518
510000  -1.1738148073176853
515000  -1.1765544069930913
520000  -1.1744240210670978
525000  -1.1750582504773048
530000  -1.1733128212019799
535000  -1.1769061091542243
540000  -1.1736412149388342
545000  -1.1749474362516774
550000  -1.1733750212518497
555000  -1.1735954174213112
560000  -1.1719955040887
565000  -1.1725394676602445
570000  -1.1742739679105578
575000  -1.173320461671683
580000  -1.1734671405004335
585000  -1.1722470361040904
590000  -1.1731074393331071
595000  -1.1718765289103612
600000  -1.1719738976564256
605000  -1.1719447381200736
610000  -1.172074758464587
615000  -1.1740165336243809
620000  -1.17244874683558
625000  -1.1720208156784064
630000  -1.1741695849387905
635000  -1.1723736328817904
640000  -1.1735651147202588
645000  -1.1716573546425209
650000  -1.172885449337191
655000  -1.1718987349286905
660000  -1.1747469025664032
665000  -1.1748648251616396
670000  -1.1724585465493147
675000  -1.1734435396105982
680000  -1.1730612330010628
685000  -1.1709334844304249
690000  -1.1714386364887468
695000  -1.1732511326204986
700000  -1.1752387254545464
705000  -1.172026474326849
710000  -1.171920280396007
715000  -1.1731341386400165
720000  -1.1725684439949693
725000  -1.1723406671173868
730000  -1.173209402151406
735000  -1.171063775619259
740000  -1.173211319227703
745000  -1.1716719349054618
750000  -1.172289012016263
755000  -1.1719885978801177
760000  -1.172151416570414
765000  -1.1716411110386253
770000  -1.17196660481859
775000  -1.1724035872286187
780000  -1.1726779191289096
785000  -1.1708672372068394
790000  -1.1721792073093822
795000  -1.1718256739829669
800000  -1.171308594404254
805000  -1.1720804993924685
810000  -1.172659572050907
815000  -1.1716964009514776
820000  -1.172649129894562
825000  -1.172412770346273
830000  -1.1720489346841352
835000  -1.1732899828045629
840000  -1.1714335795291118
845000  -1.1725819791853431
850000  -1.1710130855278114
855000  -1.1728041067754382
860000  -1.171296517593437
865000  -1.1717744419950757
870000  -1.1745536412950606
875000  -1.1729840175324353
880000  -1.1721510943397881
885000  -1.1723021323163991
890000  -1.1715071651584004
895000  -1.1730421999213285
900000  -1.1739668180618903
905000  -1.1716127239097842
910000  -1.1719575598393568
915000  -1.1705660224467285
920000  -1.171296314165811
925000  -1.1714701221138237
930000  -1.1722049013822107
935000  -1.171569800027646
940000  -1.1738572831900094
945000  -1.1725630616629497
950000  -1.1721056185977066
955000  -1.1731649701658173
960000  -1.1716924021113662
965000  -1.1714857861300696
970000  -1.171964383085724
975000  -1.1710175136756151
980000  -1.1722010437876451
985000  -1.1726547736802604
990000  -1.1719399040669667
995000  -1.1726580205169739
1000000  -1.171663329040166
