5000  1819.999999999928
10000  1819.999999999928
15000  1819.999999999928
20000  1819.999999999928
25000  1819.999999999928
30000  1819.999999999928
35000  1819.999999999928
40000  1819.999999999928
45000  1819.999999999928
50000  1819.999999999928
55000  1819.999999999928
60000  1819.999999999928
65000  1819.999999999928
70000  1819.999999999928
75000  1819.999999999928
80000  1819.999999999928
85000  1819.999999999928
90000  1819.999999999928
95000  1819.999999999928
100000  1819.999999999928
105000  1819.999999999928
110000  1819.999999999928
115000  1819.999999999928
120000  1819.999999999928
125000  1819.999999999928
130000  1819.999999999928
135000  1819.999999999928
140000  1819.999999999928
145000  1819.999999999928
150000  1819.999999999928
155000  1819.999999999928
160000  1819.999999999928
165000  1819.999999999928
170000  1819.999999999928
175000  1819.999999999928
180000  1819.999999999928
185000  1819.999999999928
190000  1819.999999999928
195000  1819.999999999928
200000  1819.999999999928
205000  1819.999999999928
210000  1819.999999999928
215000  1819.999999999928
220000  1819.999999999928
225000  1819.999999999928
230000  1819.999999999928
235000  1819.999999999928
240000  1819.999999999928
245000  1819.999999999928
250000  1819.999999999928
255000  1819.999999999928
260000  1819.999999999928
265000  1819.999999999928
270000  1819.999999999928
275000  1819.999999999928
280000  1819.999999999928
285000  1819.999999999928
290000  1819.999999999928
295000  1819.999999999928
300000  1819.999999999928
305000  1819.999999999928
310000  1819.999999999928
315000  1819.999999999928
320000  1819.999999999928
325000  1819.999999999928
330000  1819.999999999928
335000  1819.999999999928
340000  1819.999999999928
345000  1819.999999999928
350000  1819.999999999928
355000  1819.999999999928
360000  1819.999999999928
365000  1819.999999999928
370000  1819.999999999928
375000  1819.999999999928
380000  1819.999999999928
385000  1819.999999999928
390000  1819.999999999928
395000  1819.999999999928
400000  1819.999999999928
405000  1819.999999999928
410000  1819.999999999928
415000  1819.999999999928
420000  1819.999999999928
425000  1819.999999999928
430000  1819.999999999928
435000  1819.999999999928
440000  1819.999999999928
445000  1819.999999999928
450000  1819.999999999928
455000  1819.999999999928
460000  1819.999999999928
465000  1819.999999999928
470000  1819.999999999928
475000  1819.999999999928
480000  1819.999999999928
485000  1819.999999999928
490000  1819.999999999928
495000  1819.999999999928
500000  1819.999999999928
505000  1819.999999999928
510000  1819.999999999928
515000  1819.999999999928
520000  1819.999999999928
525000  1819.999999999928
530000  1819.999999999928
535000  1819.999999999928
540000  1819.999999999928
545000  1819.999999999928
550000  1819.999999999928
555000  1819.999999999928
560000  1819.999999999928
565000  1819.999999999928
570000  1819.999999999928
575000  1819.999999999928
580000  1819.999999999928
585000  1819.999999999928
590000  1819.999999999928
595000  1819.999999999928
600000  1819.999999999928
605000  1819.999999999928
610000  1819.999999999928
615000  1819.999999999928
620000  1819.999999999928
625000  1819.999999999928
630000  1819.999999999928
635000  1819.999999999928
640000  1819.999999999928
645000  1819.999999999928
650000  1819.999999999928
655000  1819.999999999928
660000  1819.999999999928
665000  1819.999999999928
670000  1819.999999999928
675000  1819.999999999928
680000  1819.999999999928
685000  1819.999999999928
690000  1819.999999999928
695000  1819.999999999928
700000  1819.999999999928
705000  1819.999999999928
710000  1819.999999999928
715000  1819.999999999928
720000  1819.999999999928
725000  1819.999999999928
730000  1819.999999999928
735000  1819.999999999928
740000  1819.999999999928
745000  1819.999999999928
750000  1819.999999999928
755000  1819.999999999928
760000  1819.999999999928
765000  1819.999999999928
770000  1819.999999999928
775000  1819.999999999928
780000  1819.999999999928
785000  1819.999999999928
790000  1819.999999999928
795000  1819.999999999928
800000  1819.999999999928
805000  1819.999999999928
810000  1819.999999999928
815000  1819.999999999928
820000  1819.999999999928
825000  1819.999999999928
830000  1819.999999999928
835000  1819.999999999928
840000  1819.999999999928
845000  1819.999999999928
850000  1819.999999999928
855000  1819.999999999928
860000  1819.999999999928
865000  1819.999999999928
870000  1819.999999999928
875000  1819.999999999928
880000  1819.999999999928
885000  1819.999999999928
890000  1819.999999999928
895000  1819.999999999928
900000  1819.999999999928
905000  1819.999999999928
910000  1819.999999999928
915000  1819.999999999928
920000  1819.999999999928
925000  1819.999999999928
930000  1819.999999999928
935000  1819.999999999928
940000  1819.999999999928
945000  1819.999999999928
950000  1819.999999999928
955000  1819.999999999928
960000  1819.999999999928
965000  1819.999999999928
970000  1819.999999999928
975000  1819.999999999928
980000  1819.999999999928
985000  1819.999999999928
990000  1819.999999999928
995000  1819.999999999928
1000000  1819.999999999928
