5000  1869.9999999998968
10000  1869.9999999998968
15000  1869.9999999998968
20000  1869.9999999998968
25000  1869.9999999998968
30000  1869.9999999998968
35000  1869.9999999998968
40000  1869.9999999998968
45000  1869.9999999998968
50000  1869.9999999998968
55000  1869.9999999998968
60000  1869.9999999998968
65000  1869.9999999998968
70000  1869.9999999998968
75000  1869.9999999998968
80000  1869.9999999998968
85000  1869.9999999998968
90000  1869.9999999998968
95000  1869.9999999998968
100000  1869.9999999998968
105000  1869.9999999998968
110000  1869.9999999998968
115000  1869.9999999998968
120000  1869.9999999998968
125000  1869.9999999998968
130000  1869.9999999998968
135000  1869.9999999998968
140000  1869.9999999998968
145000  1869.9999999998968
150000  1869.9999999998968
155000  1869.9999999998968
160000  1869.9999999998968
165000  1869.9999999998968
170000  1869.9999999998968
175000  1869.9999999998968
180000  1869.9999999998968
185000  1869.9999999998968
190000  1869.9999999998968
195000  1869.9999999998968
200000  1869.9999999998968
205000  1869.9999999998968
210000  1869.9999999998968
215000  1869.9999999998968
220000  1869.9999999998968
225000  1869.9999999998968
230000  1869.9999999998968
235000  1869.9999999998968
240000  1869.9999999998968
245000  1869.9999999998968
250000  1869.9999999998968
255000  1869.9999999998968
260000  1869.9999999998968
265000  1869.9999999998968
270000  1869.9999999998968
275000  1869.9999999998968
280000  1869.9999999998968
285000  1869.9999999998968
290000  1869.9999999998968
295000  1869.9999999998968
300000  1869.9999999998968
305000  1869.9999999998968
310000  1869.9999999998968
315000  1869.9999999998968
320000  1869.9999999998968
325000  1869.9999999998968
330000  1869.9999999998968
335000  1869.9999999998968
340000  1869.9999999998968
345000  1869.9999999998968
350000  1869.9999999998968
355000  1869.9999999998968
360000  1869.9999999998968
365000  1869.9999999998968
370000  1869.9999999998968
375000  1869.9999999998968
380000  1869.9999999998968
385000  1869.9999999998968
390000  1869.9999999998968
395000  1869.9999999998968
400000  1869.9999999998968
405000  1869.9999999998968
410000  1869.9999999998968
415000  1869.9999999998968
420000  1869.9999999998968
425000  1869.9999999998968
430000  1869.9999999998968
435000  1869.9999999998968
440000  1869.9999999998968
445000  1869.9999999998968
450000  1869.9999999998968
455000  1869.9999999998968
460000  1869.9999999998968
465000  1869.9999999998968
470000  1869.9999999998968
475000  1869.9999999998968
480000  1869.9999999998968
485000  1869.9999999998968
490000  1869.9999999998968
495000  1869.9999999998968
500000  1869.9999999998968
505000  1869.9999999998968
510000  1869.9999999998968
515000  1869.9999999998968
520000  1869.9999999998968
525000  1869.9999999998968
530000  1869.9999999998968
535000  1869.9999999998968
540000  1869.9999999998968
545000  1869.9999999998968
550000  1869.9999999998968
555000  1869.9999999998968
560000  1869.9999999998968
565000  1869.9999999998968
570000  1869.9999999998968
575000  1869.9999999998968
580000  1869.9999999998968
585000  1869.9999999998968
590000  1869.9999999998968
595000  1869.9999999998968
600000  1869.9999999998968
605000  1869.9999999998968
610000  1869.9999999998968
615000  1869.9999999998968
620000  1869.9999999998968
625000  1869.9999999998968
630000  1869.9999999998968
635000  1869.9999999998968
640000  1869.9999999998968
645000  1869.9999999998968
650000  1869.9999999998968
655000  1869.9999999998968
660000  1869.9999999998968
665000  1869.9999999998968
670000  1869.9999999998968
675000  1869.9999999998968
680000  1869.9999999998968
685000  1869.9999999998968
690000  1869.9999999998968
695000  1869.9999999998968
700000  1869.9999999998968
705000  1869.9999999998968
710000  1869.9999999998968
715000  1869.9999999998968
720000  1869.9999999998968
725000  1869.9999999998968
730000  1869.9999999998968
735000  1869.9999999998968
740000  1869.9999999998968
745000  1869.9999999998968
750000  1869.9999999998968
755000  1869.9999999998968
760000  1869.9999999998968
765000  1869.9999999998968
770000  1869.9999999998968
775000  1869.9999999998968
780000  1869.9999999998968
785000  1869.9999999998968
790000  1869.9999999998968
795000  1869.9999999998968
800000  1869.9999999998968
805000  1869.9999999998968
810000  1869.9999999998968
815000  1869.9999999998968
820000  1869.9999999998968
825000  1869.9999999998968
830000  1869.9999999998968
835000  1869.9999999998968
840000  1869.9999999998968
845000  1869.9999999998968
850000  1869.9999999998968
855000  1869.9999999998968
860000  1869.9999999998968
865000  1869.9999999998968
870000  1869.9999999998968
875000  1869.9999999998968
880000  1869.9999999998968
885000  1869.9999999998968
890000  1869.9999999998968
895000  1869.9999999998968
900000  1869.9999999998968
905000  1869.9999999998968
910000  1869.9999999998968
915000  1869.9999999998968
920000  1869.9999999998968
925000  1869.9999999998968
930000  1869.9999999998968
935000  1869.9999999998968
940000  1869.9999999998968
945000  1869.9999999998968
950000  1869.9999999998968
955000  1869.9999999998968
960000  1869.9999999998968
965000  1869.9999999998968
970000  1869.9999999998968
975000  1869.9999999998968
980000  1869.9999999998968
985000  1869.9999999998968
990000  1869.9999999998968
995000  1869.9999999998968
1000000  1869.9999999998968
