5000  -1.180835300445033
10000  -1.180835300445033
15000  -1.1915283643174917
20000  -1.186433961649891
25000  -1.1860781285958364
30000  -1.1842486037866908
35000  -1.1841637532709863
40000  -1.186090613261331
45000  -1.1826182662090285
50000  -1.1875398578110619
55000  -1.1834684438898695
60000  -1.184050236885669
65000  -1.182638408289931
70000  -1.1828984413942092
75000  -1.181664911081316
80000  -1.1827855086833008
85000  -1.182469686443219
90000  -1.181955600460642
95000  -1.1829739999439335
100000  -1.1832373980892588
105000  -1.183689336120733
110000  -1.1822045802598584
115000  -1.1827189965674187
120000  -1.1841075090650701
125000  -1.1841859521844889
130000  -1.1845065660960972
135000  -1.1818293561734026
140000  -1.183748364201747
145000  -1.1839738011173904
150000  -1.1839085923414678
155000  -1.1874833389907147
160000  -1.1827759246376808
165000  -1.1839559104305226
170000  -1.1835916980146433
175000  -1.1837532347091473
180000  -1.1851218833075836
185000  -1.1831356668903026
190000  -1.1846297677559776
195000  -1.18418044780381
200000  -1.1841327425511552
205000  -1.1843904257239772
210000  -1.181998429140076
215000  -1.184183425498195
220000  -1.1828026935877278
225000  -1.1831839205999857
230000  -1.1852111017284914
235000  -1.182136017184239
240000  -1.1826273553608915
245000  -1.183484109439887
250000  -1.18316046141088
255000  -1.1821699469885787
260000  -1.1854440696025266
265000  -1.1851409737206995
270000  -1.183530529886484
275000  -1.184538302309811
280000  -1.1837964997813104
285000  -1.1838921129424125
290000  -1.1868793368991464
295000  -1.1852983252564446
300000  -1.1814853250584565
305000  -1.181278942200588
310000  -1.18413428384345
315000  -1.1861655265977604
320000  -1.1843954097898677
325000  -1.1821726018982006
330000  -1.1861373958364128
335000  -1.1851981289871036
340000  -1.183790914081037
345000  -1.1870230887271462
350000  -1.1828473134851083
355000  -1.183260713093914
360000  -1.1852036921260878
365000  -1.1831484309001825
370000  -1.1836219688132403
375000  -1.1861291799647733
380000  -1.18466077409219
385000  -1.1846059493673964
390000  -1.185172901507467
395000  -1.1841639479808508
400000  -1.183634999739006
405000  -1.183300230181776
410000  -1.1833452336210757
415000  -1.183338853130117
420000  -1.1834391614142805
425000  -1.183671373287216
430000  -1.1842119706748053
435000  -1.1839466633694244
440000  -1.1842925326852127
445000  -1.1841220461251214
450000  -1.183622209466994
455000  -1.183993081836961
460000  -1.1857174562243744
465000  -1.1842162216966972
470000  -1.181648073492106
475000  -1.182842888899613
480000  -1.1850236447248608
485000  -1.1832806507428175
490000  -1.1843338740710168
495000  -1.1841717874351887
500000  -1.183481583367102
505000  -1.182652724739164
510000  -1.1841191784664988
515000  -1.183209234762471
520000  -1.1841543135186658
525000  -1.1832673348323441
530000  -1.1839864496095107
535000  -1.1834268306801097
540000  -1.182013074583374
545000  -1.1856985712377353
550000  -1.1839828350534662
555000  -1.1837123255897313
560000  -1.183911864757538
565000  -1.1828847836307248
570000  -1.1830278989928773
575000  -1.1831798597658054
580000  -1.1835504902945833
585000  -1.1839642924442886
590000  -1.1832855617813764
595000  -1.1819634989206678
600000  -1.1845355775393547
605000  -1.1818797905999234
610000  -1.1813961723423563
615000  -1.1821969639346934
620000  -1.1818814991228284
625000  -1.181419691101182
630000  -1.183253356332425
635000  -1.181257578737568
640000  -1.1821603930741547
645000  -1.1816038865142036
650000  -1.181819205819629
655000  -1.1815917526965494
660000  -1.1840132880443706
665000  -1.182197575464379
670000  -1.182371060696896
675000  -1.1836382691469043
680000  -1.1824557654745875
685000  -1.182380508929491
690000  -1.182535045845434
695000  -1.1821053803386168
700000  -1.1815908758738076
705000  -1.1816217095369939
710000  -1.1822151045966893
715000  -1.1817010507639496
720000  -1.1815680510725362
725000  -1.182153726608958
730000  -1.1821059843478723
735000  -1.1814832276501692
740000  -1.181812222308945
745000  -1.1811747386306524
750000  -1.1815536606311796
755000  -1.181432782190386
760000  -1.1815450044185856
765000  -1.181659459224902
770000  -1.18212231753394
775000  -1.1814611471735408
780000  -1.1810574602987616
785000  -1.1814261696545871
790000  -1.1812093271652702
795000  -1.1822078527254052
800000  -1.1813574160053393
805000  -1.1816341272508724
810000  -1.1816574391978791
815000  -1.1806227996433152
820000  -1.1812015314481685
825000  -1.1819994384609163
830000  -1.181370224583661
835000  -1.1818943171016871
840000  -1.1822021738113835
845000  -1.1819399981712924
850000  -1.1827912431396543
855000  -1.1816100187320262
860000  -1.1821559773944317
865000  -1.1818172414042054
870000  -1.1816079099441412
875000  -1.183836337872781
880000  -1.1824966906639747
885000  -1.1820204833941532
890000  -1.1824634802481158
895000  -1.1817728417762556
900000  -1.1813362947793211
905000  -1.182198075770866
910000  -1.1814782256737817
915000  -1.182853437885642
920000  -1.1820617596688678
925000  -1.1821370191825553
930000  -1.1810621087159963
935000  -1.1823497220710852
940000  -1.1817320990562439
945000  -1.1817972641740924
950000  -1.1829487116378732
955000  -1.18222993013449
960000  -1.1821960903774014
965000  -1.1853437791299073
970000  -1.182022250101436
975000  -1.1815962945413774
980000  -1.181820591953583
985000  -1.1822911125910467
990000  -1.1835921431845053
995000  -1.1824189034942536
1000000  -1.1821198549889957
