5000  -1.1912556264142038
10000  -1.1912556264142038
15000  -1.1963948286580852
20000  -1.1996766726160422
25000  -1.1982539818331133
30000  -1.1937323047593238
35000  -1.195700980743859
40000  -1.1940219227247872
45000  -1.1957862730650233
50000  -1.1934818588919005
55000  -1.1926053953793598
60000  -1.192596803001361
65000  -1.19597544682445
70000  -1.1917009044717994
75000  -1.1978753873176176
80000  -1.1927657173463377
85000  -1.1938196204917042
90000  -1.1936648345110004
95000  -1.1924277643515961
100000  -1.194076052502496
105000  -1.1943559182516765
110000  -1.1939820618741215
115000  -1.193492896903772
120000  -1.1969922895985656
125000  -1.1946989930747078
130000  -1.1929984070337378
135000  -1.1960602202755397
140000  -1.1936699080700055
145000  -1.1919100365019406
150000  -1.1944691424584017
155000  -1.192707210450899
160000  -1.1932156668079552
165000  -1.1965122120780867
170000  -1.195066366327228
175000  -1.1949518040381375
180000  -1.1970880414918061
185000  -1.1955079418001693
190000  -1.194306477541104
195000  -1.1920269873784854
200000  -1.1942050942312927
205000  -1.1948567659920082
210000  -1.1981627663224932
215000  -1.1934321737475693
220000  -1.1933708929317068
225000  -1.1959851581929253
230000  -1.1933745609223843
235000  -1.1951998052513226
240000  -1.1925835896260106
245000  -1.1923271702812053
250000  -1.1950588763551786
255000  -1.1931834662077017
260000  -1.1918427681177854
265000  -1.193057746984996
270000  -1.1934406263148412
275000  -1.192655681653414
280000  -1.1928213042765856
285000  -1.194414383834228
290000  -1.1914569525548724
295000  -1.1926237762300298
300000  -1.192118985587731
305000  -1.1940896473219618
310000  -1.1920479175262153
315000  -1.1916192075097933
320000  -1.1920500465994701
325000  -1.1916473469790068
330000  -1.1925106608518399
335000  -1.194242562595755
340000  -1.1939589331485327
345000  -1.191787889166735
350000  -1.1922523582330906
355000  -1.194453161545098
360000  -1.1920624663913624
365000  -1.191528945530299
370000  -1.1921136383642439
375000  -1.1904243235278409
380000  -1.1917165818368085
385000  -1.191672043674625
390000  -1.1910948661249132
395000  -1.1910555741551798
400000  -1.1929159316676665
405000  -1.1913094143883791
410000  -1.1911918142612554
415000  -1.1914788692642468
420000  -1.1911677969770973
425000  -1.190784861590364
430000  -1.1917025214037857
435000  -1.1927527341851965
440000  -1.1910944672452748
445000  -1.1907448136690073
450000  -1.1936406194791198
455000  -1.191880770828575
460000  -1.1924825310800224
465000  -1.1916752309515137
470000  -1.1907919526629849
475000  -1.1917711178166792
480000  -1.1918618686241098
485000  -1.1904340208746722
490000  -1.1909633532026782
495000  -1.190799868805916
500000  -1.1914533350302372
505000  -1.1916030372993551
510000  -1.1932683043740686
515000  -1.1908819712675176
520000  -1.1912503163772636
525000  -1.1904526623379206
530000  -1.192523420448415
535000  -1.1915394831367303
540000  -1.1908795348461714
545000  -1.1913118070724886
550000  -1.1910940506530456
555000  -1.1908744262973778
560000  -1.191694652857259
565000  -1.1905295121256496
570000  -1.190790636142483
575000  -1.1908631739532571
580000  -1.1931794712762345
585000  -1.1914336748456118
590000  -1.1913260478968732
595000  -1.1905308627354676
600000  -1.1910532915068326
605000  -1.1903559417193175
610000  -1.190623412756249
615000  -1.1910408447997178
620000  -1.191092522818362
625000  -1.195993669340387
630000  -1.1913527329545468
635000  -1.1906586410716409
640000  -1.1915622453007382
645000  -1.1906945316796191
650000  -1.191026018866105
655000  -1.1907609554304508
660000  -1.1909287822816983
665000  -1.1907706091389991
670000  -1.1908912210993003
675000  -1.1908482265053317
680000  -1.1908426803862677
685000  -1.1916125289723278
690000  -1.191406808110187
695000  -1.1914413273776883
700000  -1.1903491139359539
705000  -1.1907966301229318
710000  -1.1906450017826864
715000  -1.1911980721494184
720000  -1.1908893828489817
725000  -1.1917198377870954
730000  -1.1938418665761128
735000  -1.190785063850344
740000  -1.1906470128544606
745000  -1.1912441957369446
750000  -1.1904862798465183
755000  -1.1908952967764344
760000  -1.191487095921766
765000  -1.191289121992886
770000  -1.1909761340741534
775000  -1.1907005227409537
780000  -1.19101664197864
785000  -1.1902665100793821
790000  -1.1911920353223104
795000  -1.1908194474532503
800000  -1.191030303927837
805000  -1.1910468046413736
810000  -1.1917081476747986
815000  -1.1901733956800304
820000  -1.1906125316838734
825000  -1.191166482781991
830000  -1.1906545197276865
835000  -1.1920768393180334
840000  -1.1925920894928277
845000  -1.1920405283081346
850000  -1.1912903043825644
855000  -1.1907997557520866
860000  -1.1914147352369038
865000  -1.1909201601089445
870000  -1.1909812528151087
875000  -1.1902783890682622
880000  -1.190711031749961
885000  -1.1909476760751567
890000  -1.1903408842603675
895000  -1.1910271723615007
900000  -1.190540084563545
905000  -1.191436540525174
910000  -1.1903192622083585
915000  -1.1903597952469136
920000  -1.1907086448546034
925000  -1.1908586995943915
930000  -1.1911191452387722
935000  -1.19124905561679
940000  -1.1911666863283608
945000  -1.1906844375806391
950000  -1.1903636057052063
955000  -1.190542266923003
960000  -1.1903552806636435
965000  -1.1910940114676487
970000  -1.1910835269989908
975000  -1.1907757275830955
980000  -1.1903027516242584
985000  -1.1904906762798784
990000  -1.1902730214851909
995000  -1.1904935270175334
1000000  -1.1916715698875486
