5000  1849.9999999997083
10000  1849.9999999997083
15000  1849.9999999997083
20000  1849.9999999997083
25000  1849.9999999997083
30000  1849.9999999997083
35000  1849.9999999997083
40000  1849.9999999997083
45000  1849.9999999997083
50000  1849.9999999997083
55000  1849.9999999997083
60000  1849.9999999997083
65000  1849.9999999997083
70000  1849.9999999997083
75000  1849.9999999997083
80000  1849.9999999997083
85000  1849.9999999997083
90000  1849.9999999997083
95000  1849.9999999997083
100000  1849.9999999997083
105000  1849.9999999997083
110000  1849.9999999997083
115000  1849.9999999997083
120000  1849.9999999997083
125000  1849.9999999997083
130000  1849.9999999997083
135000  1849.9999999997083
140000  1849.9999999997083
145000  1849.9999999997083
150000  1849.9999999997083
155000  1849.9999999997083
160000  1849.9999999997083
165000  1849.9999999997083
170000  1849.9999999997083
175000  1849.9999999997083
180000  1849.9999999997083
185000  1849.9999999997083
190000  1849.9999999997083
195000  1849.9999999997083
200000  1849.9999999997083
205000  1849.9999999997083
210000  1849.9999999997083
215000  1849.9999999997083
220000  1849.9999999997083
225000  1849.9999999997083
230000  1849.9999999997083
235000  1849.9999999997083
240000  1849.9999999997083
245000  1849.9999999997083
250000  1849.9999999997083
255000  1849.9999999997083
260000  1849.9999999997083
265000  1849.9999999997083
270000  1849.9999999997083
275000  1849.9999999997083
280000  1849.9999999997083
285000  1849.9999999997083
290000  1849.9999999997083
295000  1849.9999999997083
300000  1849.9999999997083
305000  1849.9999999997083
310000  1849.9999999997083
315000  1849.9999999997083
320000  1849.9999999997083
325000  1849.9999999997083
330000  1849.9999999997083
335000  1849.9999999997083
340000  1849.9999999997083
345000  1849.9999999997083
350000  1849.9999999997083
355000  1849.9999999997083
360000  1849.9999999997083
365000  1849.9999999997083
370000  1849.9999999997083
375000  1849.9999999997083
380000  1849.9999999997083
385000  1849.9999999997083
390000  1849.9999999997083
395000  1849.9999999997083
400000  1849.9999999997083
405000  1849.9999999997083
410000  1849.9999999997083
415000  1849.9999999997083
420000  1849.9999999997083
425000  1849.9999999997083
430000  1849.9999999997083
435000  1849.9999999997083
440000  1849.9999999997083
445000  1849.9999999997083
450000  1849.9999999997083
455000  1849.9999999997083
460000  1849.9999999997083
465000  1849.9999999997083
470000  1849.9999999997083
475000  1849.9999999997083
480000  1849.9999999997083
485000  1849.9999999997083
490000  1849.9999999997083
495000  1849.9999999997083
500000  1849.9999999997083
505000  1849.9999999997083
510000  1849.9999999997083
515000  1849.9999999997083
520000  1849.9999999997083
525000  1849.9999999997083
530000  1849.9999999997083
535000  1849.9999999997083
540000  1849.9999999997083
545000  1849.9999999997083
550000  1849.9999999997083
555000  1849.9999999997083
560000  1849.9999999997083
565000  1849.9999999997083
570000  1849.9999999997083
575000  1849.9999999997083
580000  1849.9999999997083
585000  1849.9999999997083
590000  1849.9999999997083
595000  1849.9999999997083
600000  1849.9999999997083
605000  1849.9999999997083
610000  1849.9999999997083
615000  1849.9999999997083
620000  1849.9999999997083
625000  1849.9999999997083
630000  1849.9999999997083
635000  1849.9999999997083
640000  1849.9999999997083
645000  1849.9999999997083
650000  1849.9999999997083
655000  1849.9999999997083
660000  1849.9999999997083
665000  1849.9999999997083
670000  1849.9999999997083
675000  1849.9999999997083
680000  1849.9999999997083
685000  1849.9999999997083
690000  1849.9999999997083
695000  1849.9999999997083
700000  1849.9999999997083
705000  1849.9999999997083
710000  1849.9999999997083
715000  1849.9999999997083
720000  1849.9999999997083
725000  1849.9999999997083
730000  1849.9999999997083
735000  1849.9999999997083
740000  1849.9999999997083
745000  1849.9999999997083
750000  1849.9999999997083
755000  1849.9999999997083
760000  1849.9999999997083
765000  1849.9999999997083
770000  1849.9999999997083
775000  1849.9999999997083
780000  1849.9999999997083
785000  1849.9999999997083
790000  1849.9999999997083
795000  1849.9999999997083
800000  1849.9999999997083
805000  1849.9999999997083
810000  1849.9999999997083
815000  1849.9999999997083
820000  1849.9999999997083
825000  1849.9999999997083
830000  1849.9999999997083
835000  1849.9999999997083
840000  1849.9999999997083
845000  1849.9999999997083
850000  1849.9999999997083
855000  1849.9999999997083
860000  1849.9999999997083
865000  1849.9999999997083
870000  1849.9999999997083
875000  1849.9999999997083
880000  1849.9999999997083
885000  1849.9999999997083
890000  1849.9999999997083
895000  1849.9999999997083
900000  1849.9999999997083
905000  1849.9999999997083
910000  1849.9999999997083
915000  1849.9999999997083
920000  1849.9999999997083
925000  1849.9999999997083
930000  1849.9999999997083
935000  1849.9999999997083
940000  1849.9999999997083
945000  1849.9999999997083
950000  1849.9999999997083
955000  1849.9999999997083
960000  1849.9999999997083
965000  1849.9999999997083
970000  1849.9999999997083
975000  1849.9999999997083
980000  1849.9999999997083
985000  1849.9999999997083
990000  1849.9999999997083
995000  1849.9999999997083
1000000  1849.9999999997083
