5000  -1.1315225562028357
10000  -1.1315225562028357
15000  -1.1384463358041832
20000  -1.1412304721376858
25000  -1.135496146362275
30000  -1.1352071252814493
35000  -1.1334347530768718
40000  -1.133020758156781
45000  -1.1336898970161564
50000  -1.1345648718893062
55000  -1.1339716388750822
60000  -1.133641748513328
65000  -1.133861538080964
70000  -1.1342771380586785
75000  -1.1319533883756958
80000  -1.1323957911899196
85000  -1.131886864900007
90000  -1.1324114871333586
95000  -1.1345321242767388
100000  -1.1354083129472567
105000  -1.1330976456357167
110000  -1.1328449508035556
115000  -1.1334709834202659
120000  -1.1358185579534619
125000  -1.1348110054631253
130000  -1.1341624567785764
135000  -1.1389692852762527
140000  -1.1333603230072185
145000  -1.1356625527329742
150000  -1.1335247872862966
155000  -1.1380232716514729
160000  -1.1353445958090014
165000  -1.1334787316003347
170000  -1.1333617160480933
175000  -1.1385461345594377
180000  -1.1345722103049047
185000  -1.135699444201309
190000  -1.1333860003866723
195000  -1.1341090068477206
200000  -1.1359791558212602
205000  -1.1334709626995028
210000  -1.1369430341478437
215000  -1.1361548255407254
220000  -1.1369966195849703
225000  -1.1354251768183894
230000  -1.1354038364905863
235000  -1.1358975418610497
240000  -1.1350176798366012
245000  -1.1370121698547155
250000  -1.1346256948495284
255000  -1.1333974265912548
260000  -1.1355186295183377
265000  -1.1342992876144127
270000  -1.1360740152373912
275000  -1.1326473110192454
280000  -1.136773382751271
285000  -1.1345614470262082
290000  -1.1331818534713238
295000  -1.1347373415669426
300000  -1.1342759394505992
305000  -1.134284496116452
310000  -1.1342014867998658
315000  -1.135895677744411
320000  -1.1322317136637867
325000  -1.1336078296136112
330000  -1.1412247576005758
335000  -1.1325694997049869
340000  -1.134839885397814
345000  -1.132656854246743
350000  -1.132685961080715
355000  -1.1363409754540772
360000  -1.1339464318193495
365000  -1.1337377751199527
370000  -1.134096038104035
375000  -1.132153154066764
380000  -1.1312656995153518
385000  -1.1326678431779147
390000  -1.1318580102478153
395000  -1.1338705946179108
400000  -1.1323935145232826
405000  -1.1316091330035123
410000  -1.132278232073877
415000  -1.1315144767181482
420000  -1.1309798557963222
425000  -1.1328662641765548
430000  -1.1315472825150938
435000  -1.132706014702562
440000  -1.1332059530843979
445000  -1.1318122828681951
450000  -1.1352405422320588
455000  -1.1314401715074198
460000  -1.131535258733202
465000  -1.1325434693205172
470000  -1.131384591375245
475000  -1.1336607124842701
480000  -1.1328308655135335
485000  -1.131251477887854
490000  -1.1307589209562865
495000  -1.1310478381067512
500000  -1.1307993235252796
505000  -1.1311586140375582
510000  -1.1333837544498966
515000  -1.132483432344161
520000  -1.1313874306343497
525000  -1.1315632476948667
530000  -1.1330259949387984
535000  -1.1307626493577847
540000  -1.130599290433456
545000  -1.1311578156845643
550000  -1.130490782110137
555000  -1.1318267329782246
560000  -1.1309453462262171
565000  -1.1311032750539014
570000  -1.1309205006062983
575000  -1.1302254070714115
580000  -1.130343574422004
585000  -1.131292848167941
590000  -1.1304165932681642
595000  -1.1310791008302474
600000  -1.13102459473419
605000  -1.1311404196440709
610000  -1.130509833684191
615000  -1.130388278478931
620000  -1.1304326424590543
625000  -1.130430167990271
630000  -1.130380069608218
635000  -1.1306109013833336
640000  -1.1304848304815822
645000  -1.1307914171786977
650000  -1.1304949322494213
655000  -1.1306814987253166
660000  -1.1303628203150584
665000  -1.1305049396655522
670000  -1.1306697522592732
675000  -1.1307306483457795
680000  -1.1308594465907662
685000  -1.1304920580104225
690000  -1.1309341959026642
695000  -1.13060096620291
700000  -1.1307279715675396
705000  -1.1302999439806443
710000  -1.1303778626341954
715000  -1.1305752596916863
720000  -1.1305103107367178
725000  -1.1307061215525027
730000  -1.1307164086098784
735000  -1.1304190392879536
740000  -1.1305851898749824
745000  -1.1305677860666763
750000  -1.1310495283233468
755000  -1.1304577895393595
760000  -1.1307598247932038
765000  -1.1303933803236577
770000  -1.1306038653780708
775000  -1.130160159575171
780000  -1.1303050245009945
785000  -1.1303560373821528
790000  -1.1307921854994492
795000  -1.1305744456546383
800000  -1.1303406467236345
805000  -1.1306765339057891
810000  -1.1304227705096128
815000  -1.1304975583637131
820000  -1.1304116929165322
825000  -1.1304115324889428
830000  -1.130581135720131
835000  -1.1304453707369975
840000  -1.1302937527126051
845000  -1.1303661206457765
850000  -1.130346537248697
855000  -1.1305324296071193
860000  -1.1302923431515226
865000  -1.1304718376527307
870000  -1.1305618630355458
875000  -1.130798765826039
880000  -1.1303714136182679
885000  -1.1303850953333314
890000  -1.1303531097579982
895000  -1.1318514391733334
900000  -1.1303991232602857
905000  -1.1303525593318047
910000  -1.1304146750143262
915000  -1.1305436379171443
920000  -1.13031291959167
925000  -1.1310675404453652
930000  -1.130273373510572
935000  -1.1304099269513972
940000  -1.1303419039712752
945000  -1.1302815775325872
950000  -1.1316239844670055
955000  -1.1302516067892427
960000  -1.1305478813691296
965000  -1.1303779759848838
970000  -1.1302014594625507
975000  -1.130374579273921
980000  -1.130417229635059
985000  -1.1307048853323796
990000  -1.1305653156054905
995000  -1.1301179442857392
1000000  -1.130265399950149
