5000  -1.1808374825422652
10000  -1.1808374825422652
15000  -1.1897487715701573
20000  -1.1860780213703401
25000  -1.1879496615659444
30000  -1.18526593120303
35000  -1.183903436413966
40000  -1.185469416459091
45000  -1.1834402245655657
50000  -1.1840650651941544
55000  -1.1853031887579708
60000  -1.1838119413610546
65000  -1.1834656256137532
70000  -1.1830675317073474
75000  -1.1833865904534469
80000  -1.182778517988627
85000  -1.1852998378523627
90000  -1.1825449500040848
95000  -1.183631696231896
100000  -1.1831243341963273
105000  -1.1829826291522478
110000  -1.1836018947081175
115000  -1.1833950608223678
120000  -1.1849148441338913
125000  -1.1842495855095332
130000  -1.1849575135484338
135000  -1.1844770421553403
140000  -1.1856977739930152
145000  -1.1832673583435827
150000  -1.183146191118285
155000  -1.186116552054882
160000  -1.185818464225158
165000  -1.1851434569666162
170000  -1.1880320738791486
175000  -1.1872004290111362
180000  -1.1853899002633987
185000  -1.1912756903446278
190000  -1.1862622986966742
195000  -1.1913606419507414
200000  -1.1880724614963403
205000  -1.1880746849114074
210000  -1.1879024777561427
215000  -1.187646645400673
220000  -1.1879736664216032
225000  -1.1887358995829707
230000  -1.189277342108544
235000  -1.184030505474657
240000  -1.1849704866856334
245000  -1.1843553191702811
250000  -1.1835434638184958
255000  -1.1843853090610355
260000  -1.184935982953757
265000  -1.1834309194784145
270000  -1.1841672721691432
275000  -1.1843059116881338
280000  -1.1837891349056737
285000  -1.1845853505143895
290000  -1.183437133312691
295000  -1.1831687997072002
300000  -1.183983508804813
305000  -1.1839970883261413
310000  -1.183731899606064
315000  -1.1828061023214833
320000  -1.1843316124007104
325000  -1.18365796008613
330000  -1.1821982869959904
335000  -1.1827104351320306
340000  -1.184016005413141
345000  -1.1841559330432212
350000  -1.1826872405433095
355000  -1.182992487861775
360000  -1.1835889215907083
365000  -1.1817934784194224
370000  -1.181722916997387
375000  -1.1835939501062969
380000  -1.1829223217174878
385000  -1.1825504052347968
390000  -1.1825105334795079
395000  -1.181326537753921
400000  -1.1829673671920315
405000  -1.1844862137548628
410000  -1.1822039411123844
415000  -1.1827132676821204
420000  -1.182464678826509
425000  -1.1822911241883411
430000  -1.1816982592595742
435000  -1.1822755678626709
440000  -1.1816000890138096
445000  -1.1823182802426162
450000  -1.1824166571616659
455000  -1.1841382396686824
460000  -1.18331375753507
465000  -1.1833133571909276
470000  -1.1821720979106614
475000  -1.1820904226787388
480000  -1.1820353275747038
485000  -1.181635322445072
490000  -1.1824173776584215
495000  -1.182522842998151
500000  -1.1839050233829769
505000  -1.1824111650313716
510000  -1.1813403028319587
515000  -1.181348830742063
520000  -1.1820072273007827
525000  -1.1817339708516372
530000  -1.182128427447751
535000  -1.181397344035213
540000  -1.1822626368794589
545000  -1.1817137396091129
550000  -1.182259396603331
555000  -1.1811412393511276
560000  -1.181971677764086
565000  -1.1816822897060777
570000  -1.181758496754337
575000  -1.1828108929144219
580000  -1.1822802004474213
585000  -1.18182395754382
590000  -1.1836333283432758
595000  -1.1818769765738397
600000  -1.181256175484741
605000  -1.1813660864374835
610000  -1.1811042646632997
615000  -1.182314066130202
620000  -1.1813650061376393
625000  -1.1814199695549905
630000  -1.1815511215361767
635000  -1.1820685263734776
640000  -1.1820344772120008
645000  -1.1812879422749394
650000  -1.180645392513543
655000  -1.1810121821856592
660000  -1.1810451628325973
665000  -1.1813142094045177
670000  -1.1818651841441172
675000  -1.1813951664650815
680000  -1.1813633831893093
685000  -1.1814016851736233
690000  -1.1814466287859249
695000  -1.1821118590305557
700000  -1.1809806774527534
705000  -1.1813213228998938
710000  -1.1816842399910095
715000  -1.1817960768169722
720000  -1.1812901460577268
725000  -1.181028624912724
730000  -1.1816560379439034
735000  -1.1817934383731337
740000  -1.1814273496693932
745000  -1.181203529566992
750000  -1.1817444090894424
755000  -1.1812463507259963
760000  -1.1830254839453846
765000  -1.1809470413211964
770000  -1.1809535445633812
775000  -1.181291897367919
780000  -1.1810968269879232
785000  -1.1815910448262001
790000  -1.1818473627243657
795000  -1.1809143147559371
800000  -1.1814132746309043
805000  -1.1814858654607088
810000  -1.1809211645019242
815000  -1.1825477536104156
820000  -1.181054379574489
825000  -1.180590439703956
830000  -1.1821968011272839
835000  -1.1805577669740885
840000  -1.181264936379739
845000  -1.1807530813425546
850000  -1.1816327328048646
855000  -1.1811512264818886
860000  -1.181153230557684
865000  -1.1811557922535578
870000  -1.1809833293245178
875000  -1.1809900355589344
880000  -1.1811331675946715
885000  -1.1814885099604724
890000  -1.181036873344856
895000  -1.1810621837817599
900000  -1.1809097623627167
905000  -1.180808287689579
910000  -1.1812503390572966
915000  -1.1807153808837756
920000  -1.1816207625763493
925000  -1.1808459943230263
930000  -1.180864550191909
935000  -1.1810196289449233
940000  -1.1814263710239903
945000  -1.1814125719110595
950000  -1.1810903797927312
955000  -1.181173585758661
960000  -1.1813053858623608
965000  -1.1817269656306597
970000  -1.1810441082110628
975000  -1.1806768714469216
980000  -1.1809650148812216
985000  -1.1811333905556238
990000  -1.1810797207610448
995000  -1.1815609334161854
1000000  -1.1815772612340516
