5000  -1.1912556264142038
10000  -1.1912556264142038
15000  -1.1965911459946073
20000  -1.198474171962589
25000  -1.2011032978305594
30000  -1.194135921120178
35000  -1.1945580636640076
40000  -1.1942187538056168
45000  -1.1940651252190582
50000  -1.1943330637743927
55000  -1.1963292136800012
60000  -1.1941870050842407
65000  -1.1935209012922132
70000  -1.1930929148202996
75000  -1.1941328072268516
80000  -1.1949247927917166
85000  -1.19279773709015
90000  -1.1938969228905627
95000  -1.1935978759586576
100000  -1.1946037294552663
105000  -1.1931462244852447
110000  -1.1938274818146601
115000  -1.1950182647677137
120000  -1.1941479938640256
125000  -1.1970634913654068
130000  -1.1944854340841995
135000  -1.195992912547663
140000  -1.1948516008025036
145000  -1.1939391705079472
150000  -1.1973957820702343
155000  -1.1967641050345263
160000  -1.192770851039095
165000  -1.1955951086874121
170000  -1.1941056680539621
175000  -1.1939680857490749
180000  -1.1947244431590662
185000  -1.1962060108128933
190000  -1.1984863561671228
195000  -1.1971720507880674
200000  -1.197324479529634
205000  -1.1953724945848807
210000  -1.1989101583510637
215000  -1.1972117193136365
220000  -1.1944813648983834
225000  -1.1946917328517883
230000  -1.1947361462144181
235000  -1.1958111903071404
240000  -1.1963436076440845
245000  -1.1939563637739048
250000  -1.1960386563930663
255000  -1.1951845455076542
260000  -1.1932749733526724
265000  -1.1948305341787635
270000  -1.19494822866749
275000  -1.1997562404256314
280000  -1.1952848928980528
285000  -1.1939702669112013
290000  -1.1970416298718192
295000  -1.1979432639759033
300000  -1.1966964151896538
305000  -1.1941499481070788
310000  -1.193055370252114
315000  -1.1951522003766146
320000  -1.1945391303487118
325000  -1.1938259439263494
330000  -1.1940434599295258
335000  -1.1917506000754658
340000  -1.1919378079054874
345000  -1.1930946949357168
350000  -1.193608678274322
355000  -1.194161476213485
360000  -1.1933295037515927
365000  -1.193077260303544
370000  -1.1925370256381576
375000  -1.1920922290859743
380000  -1.191642635340686
385000  -1.193636830369942
390000  -1.1919524268293755
395000  -1.190855697854422
400000  -1.1934757911716587
405000  -1.191255203211913
410000  -1.1941054188531417
415000  -1.192249197020428
420000  -1.1914204188412987
425000  -1.191136611357797
430000  -1.1913602084695596
435000  -1.1917242676467867
440000  -1.1927121170662578
445000  -1.1914502647702465
450000  -1.1963724132254716
455000  -1.1920828981127125
460000  -1.192023590519093
465000  -1.1912529290834206
470000  -1.1924529797688592
475000  -1.1919544968425178
480000  -1.1917989377467892
485000  -1.190572131742083
490000  -1.1928803857625463
495000  -1.1907307946923535
500000  -1.1908435095730234
505000  -1.1925820585060867
510000  -1.1907011326329666
515000  -1.190782947786938
520000  -1.1919226047035774
525000  -1.1914298644516386
530000  -1.1908327315503267
535000  -1.1908489557891153
540000  -1.1917444793856702
545000  -1.191062523635919
550000  -1.1915799545671324
555000  -1.191088723002467
560000  -1.1916424077388361
565000  -1.1922161626222079
570000  -1.1908112055223319
575000  -1.1912898765294815
580000  -1.1902482588126442
585000  -1.1911216612678255
590000  -1.190556696628919
595000  -1.1919663215754555
600000  -1.1925991600574344
605000  -1.1909233196418791
610000  -1.191694739495579
615000  -1.1911243769939757
620000  -1.1936594119248913
625000  -1.190734822936356
630000  -1.190506711933995
635000  -1.1912749638932292
640000  -1.1908375930134207
645000  -1.1906256716608183
650000  -1.1912789458865882
655000  -1.190915126076725
660000  -1.1904326021851739
665000  -1.1912123882275776
670000  -1.19084620127338
675000  -1.190586969475844
680000  -1.1917115726863268
685000  -1.1906644539927949
690000  -1.1902810655051144
695000  -1.1908141761069417
700000  -1.1908539832558016
705000  -1.190605327587109
710000  -1.191538683141116
715000  -1.1913440834410722
720000  -1.191406644283561
725000  -1.1906379775181992
730000  -1.1912767948012333
735000  -1.190971769830212
740000  -1.1906775654118973
745000  -1.190347676841193
750000  -1.190969810797833
755000  -1.190901146186516
760000  -1.190561761752178
765000  -1.1919149578514043
770000  -1.1917503416794353
775000  -1.1921367192658363
780000  -1.1905815152692958
785000  -1.1911785564065211
790000  -1.1917514122126156
795000  -1.191003096210188
800000  -1.1914223206788301
805000  -1.1911710466042857
810000  -1.1919278119481167
815000  -1.1911352080258075
820000  -1.190417529465194
825000  -1.1906775621068664
830000  -1.1908385316620116
835000  -1.1920308323466453
840000  -1.1908731512876694
845000  -1.1925326726550705
850000  -1.191525586292846
855000  -1.191835603186628
860000  -1.1902810820995364
865000  -1.1902662545826752
870000  -1.1912199047487229
875000  -1.1917616412835197
880000  -1.190478320327529
885000  -1.190975497390609
890000  -1.191441788004013
895000  -1.1905839024528544
900000  -1.1909847275307404
905000  -1.190881205173209
910000  -1.1935184294951613
915000  -1.190848547528731
920000  -1.1919430504960473
925000  -1.1910185854753945
930000  -1.1907739998336182
935000  -1.1913169402308994
940000  -1.190632090540603
945000  -1.191210724777775
950000  -1.1902840876491974
955000  -1.1905736425964277
960000  -1.1912426806177245
965000  -1.1904701788537204
970000  -1.1908628514257726
975000  -1.1905372336279834
980000  -1.1912311191641494
985000  -1.1905390709778292
990000  -1.190354974102229
995000  -1.1905333404969134
1000000  -1.1916019987082107
