5000  -135.2001872121079
10000  -135.2001872121079
15000  -132.02100335651124
20000  37.37583622693357
25000  -29.940051998809906
30000  91.13898398504082
35000  64.38798074800242
40000  87.2597482508302
45000  -63.903252388426424
50000  74.39747170105167
55000  77.09349740954329
60000  94.34123117275253
65000  0.23211373831885282
70000  92.0103421941822
75000  92.63728379758359
80000  106.76615575549917
85000  77.68463907019908
90000  121.89191930085799
95000  64.31336809792035
100000  116.30435798270783
105000  212.2150268005286
110000  222.3933524239435
115000  213.24927220253693
120000  212.63977505693583
125000  203.99600581964165
130000  160.523570617436
135000  187.0258017663522
140000  192.30210880879946
145000  179.99775732219007
150000  197.77630427804567
155000  224.96579498158923
160000  241.50100433473045
165000  168.2843466043592
170000  241.76209900628527
175000  182.54869622280472
180000  225.76478355781578
185000  234.50767548993468
190000  214.61404113386544
195000  260.3035308132529
200000  256.9343181935971
205000  252.9384061112366
210000  201.74607570556012
215000  208.04610398973873
220000  231.59511007095193
225000  252.17669825308536
230000  253.63605631565224
235000  267.8865213942787
240000  181.15628915560166
245000  264.7181157253554
250000  285.9236846527747
255000  225.73677850106006
260000  279.3521635275891
265000  279.15117450161813
270000  281.5981355852105
275000  262.5777417572668
280000  272.6392582243752
285000  270.0940010065571
290000  268.6557099345951
295000  279.8195171990926
300000  288.8340999967681
305000  286.7928046340489
310000  267.25499845635153
315000  269.8018276185172
320000  283.8518886486135
325000  277.5699460030665
330000  256.8750112800537
335000  281.2080925648166
340000  276.40807577418104
345000  276.0017557123489
350000  292.64720475907706
355000  279.59255898438573
360000  283.1606934621686
365000  254.97872329720363
370000  287.372913307444
375000  282.5710577298385
380000  284.0046306827702
385000  284.20837614461783
390000  267.27109118407964
395000  271.8842563903322
400000  276.49127491236635
405000  285.61376153656704
410000  276.0061874921257
415000  289.1745961776125
420000  275.5062512406938
425000  286.195598399738
430000  280.21550311079983
435000  282.63174110538324
440000  289.3911778819878
445000  280.2004823402722
450000  287.58127152314233
455000  285.71369960354224
460000  250.7564167934635
465000  272.0835764406922
470000  255.31309507775373
475000  286.31289121241525
480000  274.41343975821235
485000  280.61147673128113
490000  274.53896296555496
495000  286.29892582609796
500000  288.12757742706833
505000  277.0793809136097
510000  277.8039535289566
515000  281.48701585366194
520000  269.41321438677306
525000  284.59249693218135
530000  290.85039498009667
535000  288.5603909833544
540000  285.31021596380947
545000  281.1191225960757
550000  267.5686772432285
555000  282.02662513629156
560000  281.4034903038665
565000  277.292118550668
570000  275.3502736789545
575000  281.7917661044734
580000  274.9351634448679
585000  273.63126634914977
590000  274.70499459982346
595000  285.23887014309423
600000  281.4048543371095
605000  280.6142026064327
610000  289.1596383715957
615000  270.6182098582676
620000  284.9504539656023
625000  276.5297933648355
630000  285.13343625562163
635000  277.3085742035156
640000  283.798942152946
645000  289.45574846080666
650000  280.92709267602805
655000  277.7132480210069
660000  280.29945931900727
665000  282.41716619491206
670000  285.05447007797636
675000  290.44838940200736
680000  287.60700379639474
685000  286.1695012100635
690000  282.16182251326995
695000  286.5181407221716
700000  277.74009632033733
705000  290.39997508845323
710000  279.05134861907095
715000  293.2692792685764
720000  286.8863664369836
725000  286.4032734175176
730000  286.35122501357813
735000  286.4599636528545
740000  276.9198442567616
745000  286.5526247013131
750000  294.6648584482315
755000  283.2795208736916
760000  289.1761212199748
765000  278.73683823940127
770000  277.43752020297484
775000  281.3659139822684
780000  280.86742742626853
785000  285.88008993569986
790000  288.4513474245069
795000  295.7037545945194
800000  288.90022370415625
805000  276.8284381870411
810000  276.0783445231756
815000  276.4300009399116
820000  268.75140295335206
825000  281.69575918140896
830000  281.77792904660816
835000  276.16705630562944
840000  282.26315178781016
845000  285.4276517494267
850000  281.326449040396
855000  282.22845552129104
860000  287.384356625233
865000  285.55108317930484
870000  287.7903835452747
875000  289.3941999031472
880000  290.12097503556504
885000  287.5719001324419
890000  285.86881173025284
895000  284.8341072706171
900000  283.64327686276613
905000  275.3265181046804
910000  281.9921332937939
915000  284.8588670652401
920000  295.41068692829356
925000  288.25302546455606
930000  283.07172092502844
935000  276.1629853192384
940000  287.8566588131729
945000  279.5199003200011
950000  285.40333768910773
955000  292.5096471347998
960000  281.1928939632178
965000  277.9770251203155
970000  283.26132316019186
975000  283.6176112796768
980000  297.0400346467676
985000  281.76344488128547
990000  288.3223638234704
995000  287.3729169177165
1000000  284.617681536441
