5000  -154.6711424695612
10000  -154.6711424695612
15000  -155.54870704914845
20000  -39.4880681451418
25000  -63.05076738748322
30000  -141.8204832770631
35000  -71.38345891864323
40000  -86.4439018323891
45000  -58.35600423563318
50000  -40.270033008614845
55000  -78.34708390151211
60000  -49.47121773285412
65000  -49.60620805509218
70000  -65.1620761614371
75000  -18.47919142515255
80000  103.18831992553051
85000  154.66322734339752
90000  146.28285437111475
95000  163.90485502908712
100000  234.23693927524727
105000  231.50551943568522
110000  215.71634046425643
115000  234.88812038085888
120000  233.88603599986465
125000  262.03076739161037
130000  246.3730974780221
135000  209.19037129376142
140000  192.46046991145928
145000  249.3891926506749
150000  272.33367873147205
155000  266.41618488036863
160000  248.87838817914235
165000  245.73715535330265
170000  265.7676969774468
175000  239.15438188846852
180000  269.07507933819267
185000  224.7034354816155
190000  281.2965056284074
195000  272.840713731594
200000  279.32275118006265
205000  287.5727237081813
210000  282.90516367223046
215000  270.61454908376743
220000  268.15157203218365
225000  263.5901874197539
230000  268.34728245079265
235000  274.0456387975528
240000  270.2071306193476
245000  279.41085369025217
250000  265.49741167117486
255000  271.69805724065714
260000  275.38736001841386
265000  269.8248948538693
270000  276.3968228211462
275000  279.33469263879977
280000  267.773582456846
285000  266.88653695142773
290000  267.410790855089
295000  277.0012923641654
300000  284.38788822360664
305000  280.55800397304483
310000  274.1361160179277
315000  274.41647108425053
320000  277.0980140866243
325000  278.6722280697387
330000  290.1221067190014
335000  255.53111784364123
340000  259.3216605126621
345000  250.380902104236
350000  258.99127665868605
355000  280.5660422603268
360000  284.949663450524
365000  273.0534350470303
370000  272.3563949979995
375000  285.53052010333465
380000  284.0832286875343
385000  288.136062684457
390000  281.2874552466031
395000  280.56255030488006
400000  280.34211479391587
405000  282.7214931046452
410000  282.7017849356751
415000  288.19125532053215
420000  276.3391578587825
425000  271.3971580011613
430000  279.7145797486201
435000  283.36507962498536
440000  280.2160203176305
445000  282.44318507028584
450000  286.1150928984876
455000  281.2737272061337
460000  273.55541364728504
465000  274.1813048341944
470000  263.0205021920339
475000  276.16570434632445
480000  276.4530115999943
485000  276.7534694977357
490000  277.4840187408039
495000  282.7941074586103
500000  281.75890433366527
505000  278.8142849270314
510000  275.4029886662394
515000  274.12371185233553
520000  283.9564215065539
525000  286.17063361800695
530000  295.1975389618259
535000  277.62719940304197
540000  277.5431101619893
545000  286.8806147031397
550000  263.343468556389
555000  279.8750418496001
560000  274.5085593061373
565000  268.8608302260664
570000  280.12467170041106
575000  282.1358469109798
580000  274.6874140470178
585000  279.14037840370094
590000  272.04900101211484
595000  283.60088570579035
600000  279.613012319482
605000  286.17125061685044
610000  278.8777394648502
615000  275.07255202108246
620000  277.85731473518774
625000  281.5306854718052
630000  275.6449568410388
635000  269.68341296928105
640000  266.41319088222986
645000  277.83418820657164
650000  273.8520887059141
655000  282.06430783324015
660000  273.37835809267426
665000  280.3510749526181
670000  282.7272501526273
675000  274.0762235374168
680000  285.05241029820434
685000  287.8975384067509
690000  281.0415142036767
695000  282.70705344841383
700000  277.21795716359964
705000  278.2091083570002
710000  284.6133846120855
715000  279.4022718161354
720000  273.7219671729728
725000  270.08007121118743
730000  271.56068521832714
735000  283.95576845090307
740000  290.2652479392127
745000  275.1328678125055
750000  282.8094663432118
755000  278.53256511503236
760000  273.2496504998912
765000  283.36709874828443
770000  289.6712275915637
775000  268.6668501335238
780000  273.3403178936994
785000  278.8783072207929
790000  276.54161851554386
795000  284.98509681315437
800000  281.71026070398506
805000  272.5849996296826
810000  287.86164141506947
815000  271.21280389743816
820000  274.70460867215087
825000  286.20343494368785
830000  279.677209045807
835000  282.60761773717974
840000  296.6480529074927
845000  282.0611084181371
850000  292.5202776762139
855000  287.39701084842466
860000  276.5094461301088
865000  278.10337189346933
870000  279.20478848054194
875000  275.29569077069607
880000  283.878232076706
885000  274.2105893084698
890000  270.68837307363185
895000  273.8461364337338
900000  290.3156621341368
905000  280.3326307364379
910000  284.07501908060834
915000  280.3499081328627
920000  274.0886766410249
925000  277.1451453218563
930000  277.2219184366746
935000  282.14694478825743
940000  273.37032012961834
945000  286.21974612631755
950000  274.8251159419439
955000  273.58648799100575
960000  284.73056860840734
965000  283.4137724387553
970000  283.0505934012707
975000  277.4863402180878
980000  278.1578079835361
985000  283.74291166129717
990000  288.697947768209
995000  276.6650767445819
1000000  277.29052883812267
