5000  -278.31854272945
10000  -278.31854272945
15000  -262.8597869432549
20000  -88.54254137689058
25000  -11.524472457199934
30000  -83.92482455659965
35000  127.46457755966387
40000  55.111685611573776
45000  219.41168619757755
50000  206.22423505673456
55000  163.84552918652656
60000  188.50493889121054
65000  229.5754423306079
70000  263.1911371269796
75000  271.4890748558605
80000  252.1473458781686
85000  269.6922715671428
90000  267.6101466361723
95000  250.61889503213334
100000  265.2992172764749
105000  274.09466407113325
110000  249.6927198952704
115000  263.664863016642
120000  265.69868208078987
125000  262.82027334795436
130000  243.71776403431255
135000  257.1824996266518
140000  255.8998704412234
145000  243.5174676561096
150000  218.4098599547768
155000  278.70125551806206
160000  283.18613832664573
165000  260.6726541380084
170000  268.18123637595966
175000  230.98846123575012
180000  270.3707351517864
185000  280.30646899470867
190000  281.4621536596302
195000  285.4484526867445
200000  271.23276487330645
205000  283.563465467519
210000  285.88948487643177
215000  278.78139740301225
220000  286.35133298718307
225000  288.66702488783415
230000  284.3106317683628
235000  278.31232465965775
240000  274.6050481454481
245000  283.5820809571905
250000  273.6190800257175
255000  284.3265987158196
260000  281.01786428403113
265000  275.63904609168554
270000  287.9632681174232
275000  278.72812204110147
280000  293.8365361961699
285000  277.03565554645326
290000  271.8044489535117
295000  283.9315695580684
300000  281.06208241518164
305000  280.61115386127506
310000  289.35191137172666
315000  284.9245978899595
320000  286.21728027572266
325000  289.3866737431293
330000  282.16384454108095
335000  282.38153318301755
340000  294.43172270041083
345000  282.9591354398789
350000  290.088883674461
355000  283.3106201723791
360000  285.5736357406959
365000  284.58621952081785
370000  291.31547023446086
375000  280.4267801441839
380000  286.6878208531505
385000  283.24124061846265
390000  279.10022491794405
395000  278.23202090268217
400000  287.6397862986746
405000  291.46482249042776
410000  288.3536924363089
415000  282.6760338549367
420000  289.9369107531113
425000  272.4136796508411
430000  290.3766119040567
435000  281.9068273150375
440000  298.88812977452164
445000  286.4496397133724
450000  288.1483817592945
455000  289.76043702319873
460000  287.1309820842799
465000  285.57231729144667
470000  289.38049255033945
475000  287.3667388570469
480000  291.19997615874564
485000  285.8712111762541
490000  270.4780310761374
495000  284.5925418270156
500000  292.72088104653415
505000  282.8671344829818
510000  289.5975222134251
515000  282.1855251395875
520000  280.57118852850044
525000  276.5629654183554
530000  278.7923695693684
535000  292.01222731197015
540000  281.22872307149123
545000  290.18231113555055
550000  289.6350271193162
555000  277.47451423421734
560000  281.24774797321265
565000  284.86300316521846
570000  280.7768079838421
575000  285.20072014600316
580000  283.8865547169241
585000  288.946851759736
590000  289.96936754784673
595000  287.77701972961574
600000  287.3294703031027
605000  278.23741625125916
610000  273.68578534620957
615000  280.23471250489064
620000  293.643509435189
625000  278.8385444773326
630000  288.16666956539433
635000  288.43619726570597
640000  288.33043260428263
645000  280.2980412512119
650000  287.78401015897254
655000  284.560731582728
660000  280.9138478664008
665000  279.75536650324915
670000  294.098659132155
675000  281.9208130905886
680000  283.74390625622266
685000  277.7579533952841
690000  284.9751900167916
695000  289.7256582721003
700000  288.3360697953775
705000  295.9763377239948
710000  279.1880186022956
715000  275.7833286628595
720000  283.2742098873063
725000  292.83076795332545
730000  278.4010769322552
735000  294.86015481843043
740000  290.71087100069894
745000  291.88128359285787
750000  282.52764676891053
755000  276.32034764936515
760000  287.38677227145314
765000  295.0401894344444
770000  282.9572366414004
775000  290.00767702758276
780000  289.6502238395621
785000  296.1234830951341
790000  282.033492384622
795000  285.782332289882
800000  279.45700219837687
805000  287.6453910907409
810000  286.60257888266665
815000  297.2610559006494
820000  292.37975270667414
825000  282.53304312495294
830000  277.6843969033424
835000  278.9604829919337
840000  284.4921841405247
845000  278.81471595124674
850000  287.777140827549
855000  283.08472845525415
860000  281.07891106542706
865000  275.9850476929317
870000  276.95690656681234
875000  285.5004355667693
880000  286.5343733741805
885000  291.87119147183114
890000  288.2449756799135
895000  285.28194047481537
900000  289.8830518296242
905000  283.30961533592756
910000  281.88722023192133
915000  291.0051281826926
920000  276.4701476431968
925000  285.09700707642776
930000  279.8542751693549
935000  278.73289851283397
940000  277.99419922998715
945000  289.11038323333327
950000  285.18366469364804
955000  291.267033550569
960000  291.41998329272917
965000  291.537487468984
970000  276.92335419592484
975000  291.15241842023954
980000  277.27400654410997
985000  286.42463456407864
990000  280.9398728512996
995000  273.07368977880276
1000000  288.32642322862347
