5000  -309.61853866269377
10000  -309.61853866269377
15000  98.01575125255735
20000  -73.81280978215482
25000  86.66338226924447
30000  146.32299856312062
35000  46.44112528075112
40000  104.22791048214063
45000  144.6938572993684
50000  158.60040939543023
55000  176.8628989956412
60000  156.5876759983743
65000  273.65923317964877
70000  109.06295789635314
75000  147.6107832397629
80000  212.26305076613275
85000  194.06956413663934
90000  191.01171940147134
95000  157.34296559241088
100000  193.24454243770774
105000  148.34645554457816
110000  243.9413582301516
115000  205.56493687977937
120000  237.1073038964891
125000  261.2910758032709
130000  281.35265941171593
135000  284.12825469701596
140000  242.61529796676706
145000  282.8074186854113
150000  252.38791063467596
155000  260.8930652963593
160000  273.8600962987805
165000  272.42376641302343
170000  287.35709101361584
175000  234.29454505479757
180000  252.91081762359622
185000  273.7322166749933
190000  280.3446204185731
195000  271.4867116595565
200000  243.48642160571185
205000  284.8745071065815
210000  259.6452551163188
215000  285.39409083674155
220000  284.1383550229713
225000  277.63452606419094
230000  288.20405405857616
235000  282.79407898464603
240000  276.95118188810875
245000  288.89208390045013
250000  281.27688204469945
255000  291.21817427717053
260000  291.4175239067119
265000  288.2871770179448
270000  291.28354730027525
275000  284.5394607917889
280000  301.4563356436316
285000  291.9640463206207
290000  289.05209253593137
295000  291.6285467746843
300000  271.1262804396618
305000  285.4225518515687
310000  276.32277929993273
315000  278.8598190059284
320000  293.31265703477834
325000  291.3639889745631
330000  286.5223678032329
335000  301.6004443313351
340000  269.33043454879817
345000  294.0629818338065
350000  281.92650521693696
355000  289.4838233773918
360000  288.2484235612436
365000  288.8413040763887
370000  289.30007973556656
375000  288.77838562923006
380000  280.1298323313967
385000  282.77567144552023
390000  277.3359792288743
395000  284.3648871234358
400000  291.81534132403465
405000  289.60700498915855
410000  284.4127467618176
415000  288.2460636601778
420000  280.6772381431433
425000  280.87011815675316
430000  276.0161418371171
435000  288.61922285110825
440000  283.94402059543575
445000  288.09502219905545
450000  291.1083762918605
455000  289.92575367935126
460000  294.98462835927796
465000  285.35590172959314
470000  281.78872311972293
475000  288.6389040892208
480000  287.11256039717716
485000  297.3547012158755
490000  286.5968200122724
495000  290.18134363547034
500000  285.7667503733288
505000  278.50146595200454
510000  282.9175127351358
515000  295.84020566784477
520000  284.67841754947943
525000  285.6050082507269
530000  289.26670634053244
535000  292.1974231391065
540000  289.7917263568959
545000  290.838846547183
550000  294.5653010873641
555000  288.10000769612566
560000  293.93690182346046
565000  287.3149941257655
570000  286.8336916808588
575000  292.0829380724807
580000  286.68687656638184
585000  292.4667974144405
590000  288.5372650110899
595000  290.6854792478629
600000  287.31619574976025
605000  277.9157177237295
610000  284.14459863727006
615000  295.2240285070535
620000  283.0794785052087
625000  285.4045684036454
630000  293.3826048281915
635000  282.52303595538706
640000  289.2561907148728
645000  290.3123342410862
650000  288.1522536926972
655000  285.7836508514155
660000  294.26640760988784
665000  286.7625714236758
670000  292.7996856246406
675000  285.49167145361537
680000  295.85041484459487
685000  252.2753015783988
690000  304.1854227684344
695000  282.7948957947639
700000  288.3056182985043
705000  297.8554805478579
710000  286.58503124873687
715000  284.2145262023822
720000  293.60298541967614
725000  282.65922496419915
730000  294.5037044469758
735000  296.6920129428241
740000  263.62021148829706
745000  295.42803769997573
750000  296.3359870670805
755000  300.98955722857056
760000  300.30667393325086
765000  284.72229185360965
770000  290.177172019191
775000  293.26682602727317
780000  285.6268559705929
785000  296.8369522979766
790000  289.7739655430934
795000  279.50942531242373
800000  292.8880332311216
805000  296.00882514674356
810000  293.00277410126944
815000  290.75232113630653
820000  293.71659370993024
825000  293.82533887572
830000  288.07354752211137
835000  299.42104734534576
840000  289.8800027402608
845000  293.1811197716545
850000  293.0802905377123
855000  291.82935278245407
860000  286.8065114708803
865000  298.42914279206013
870000  294.4289005146572
875000  291.25126198879434
880000  284.9523723727923
885000  282.3636202300719
890000  288.1958951039893
895000  298.2535646228441
900000  284.6520284281397
905000  289.2937935903173
910000  290.90446487556505
915000  288.7635530987664
920000  288.2863630578305
925000  294.54708586122126
930000  292.1545873789166
935000  287.3281181426944
940000  287.04594570913406
945000  284.03321006013385
950000  280.74918847458093
955000  300.5345462250227
960000  291.5471669514485
965000  293.89881001319645
970000  290.9374085444943
975000  288.89526060682846
980000  286.989407033289
985000  284.02945978360697
990000  288.9704884315082
995000  283.7619554074719
1000000  283.4704377528727
