5000  -141.11919591025728
10000  -141.11919591025728
15000  -85.62629712304273
20000  -67.39434460337525
25000  -100.39361656951078
30000  -120.86287342255878
35000  -121.82226197874017
40000  -90.9167205432085
45000  -62.23091483542545
50000  -132.5093445361499
55000  91.38589418014728
60000  -126.75838776481157
65000  197.77138885814443
70000  237.03982288193782
75000  137.4520162000587
80000  153.9393289699155
85000  205.81501648844852
90000  201.42438341494804
95000  191.8694531467298
100000  186.2613214356585
105000  126.24645819034349
110000  230.7947865463746
115000  225.184151849358
120000  184.55483732243437
125000  220.2660571856988
130000  189.04467862844749
135000  219.61536732748405
140000  244.53006699784208
145000  242.98137817114335
150000  197.30841578456346
155000  264.1913667985583
160000  256.0871443602132
165000  273.6460590704289
170000  273.2709738381129
175000  222.53588126767914
180000  265.38449371031584
185000  258.179524632591
190000  228.28323069419815
195000  231.69464888577
200000  267.2957924810607
205000  269.50554645265396
210000  265.78417508015303
215000  267.13097226653497
220000  270.44826616260707
225000  278.5454885609631
230000  263.3688505754084
235000  267.18648207281944
240000  279.4205793920922
245000  278.83634494868784
250000  282.2588921477469
255000  260.2247899285645
260000  282.423553424636
265000  269.03152835514953
270000  281.50674694440454
275000  273.67601801800566
280000  274.99707326315877
285000  281.27151765181605
290000  284.37246197517055
295000  281.72000085679275
300000  283.0436907314692
305000  285.42811401005076
310000  272.32111698883466
315000  287.6197487070387
320000  286.6438419369472
325000  275.4786173199823
330000  279.4824889361018
335000  291.2904308337855
340000  287.22023125275354
345000  276.42068565413837
350000  281.6661718018601
355000  276.90706406901614
360000  283.56558033641153
365000  236.43228708845132
370000  286.38859419797467
375000  280.27640723015924
380000  278.01424178254075
385000  285.7149532917544
390000  278.4415183196446
395000  288.07902945598323
400000  279.80757958141675
405000  278.4022594201185
410000  279.45946727787367
415000  282.7270722754769
420000  281.47386113077863
425000  270.1230780164251
430000  279.69244892062466
435000  276.897288074868
440000  283.2445703196363
445000  274.4675251312548
450000  272.2052624099893
455000  283.8575255826559
460000  277.8546239674326
465000  271.6719395403983
470000  272.12302905835384
475000  270.15107322643155
480000  284.8012460339269
485000  232.15589701129664
490000  290.35461979819326
495000  275.7687916369845
500000  285.24251895015584
505000  248.35056654361114
510000  284.0956298409336
515000  290.32226946739814
520000  291.40515910338706
525000  283.62206825542637
530000  280.7999540732916
535000  291.5302641660293
540000  286.14461626344655
545000  292.5626688445746
550000  265.0641049895509
555000  292.22240260065
560000  286.6079417465037
565000  267.07406543888294
570000  286.69304149616414
575000  279.52256748254564
580000  292.1626979725403
585000  286.739788971655
590000  280.99931858989873
595000  284.27999153228853
600000  286.7266960527587
605000  278.38661224729515
610000  284.9399058594927
615000  289.12637385603097
620000  280.73632366719625
625000  281.9535254828043
630000  274.3121914977392
635000  277.7948361022442
640000  280.23793410702433
645000  290.6457342530312
650000  285.8049054138823
655000  286.23948617786255
660000  290.4321870350641
665000  273.2780123814076
670000  281.60402160680076
675000  262.55967532543445
680000  264.13675373925093
685000  282.746648278625
690000  270.8041517979939
695000  286.5079834397316
700000  283.22994136958346
705000  273.3364963085645
710000  273.8480662147231
715000  287.52330857373147
720000  279.6536114501892
725000  275.52898196142456
730000  280.38385963426225
735000  275.34433617422593
740000  283.88775699276687
745000  277.8258125080644
750000  283.22608715806257
755000  277.6223998750116
760000  281.5763827647413
765000  284.91833873554526
770000  270.8309780317828
775000  289.46802320600295
780000  278.11733117597714
785000  283.2401903567532
790000  280.0142469834868
795000  286.4798768899671
800000  282.75692303911273
805000  280.1617501386303
810000  278.25417958787955
815000  294.11053609549947
820000  207.50453737973825
825000  157.40539636651096
830000  285.4442753498171
835000  284.352393823623
840000  290.05871727934027
845000  293.1692544405639
850000  291.8543445352153
855000  297.66981706672567
860000  286.81053622022534
865000  289.72574022036827
870000  289.0325914118518
875000  283.6371116869521
880000  277.88377979832114
885000  287.6699855595066
890000  274.8936011884422
895000  294.3125956069336
900000  293.39234274268404
905000  282.3006617822703
910000  286.5343606955632
915000  289.8563710007999
920000  283.13239918225406
925000  287.33863818753076
930000  278.80591023191994
935000  283.5549837498232
940000  294.8479210776753
945000  270.35435137416465
950000  284.24440495240606
955000  279.7809812584776
960000  285.84229481777277
965000  284.04595273320507
970000  280.39630736048287
975000  291.1266931156548
980000  258.88203670742985
985000  286.9506024575175
990000  276.05091488170785
995000  289.7960043920792
1000000  294.53216141960354
