5000  -124.85445638291719
10000  -124.85445638291719
15000  -112.55072972782384
20000  -56.86456990461011
25000  66.10903978863135
30000  124.89163337899768
35000  121.39846065079094
40000  155.64178615121537
45000  -16.276498100212905
50000  94.91161746607348
55000  167.84734818797136
60000  88.95128568853485
65000  192.87728704189985
70000  158.00823958690432
75000  179.93218742114618
80000  81.45539131984683
85000  -58.36955769098789
90000  16.91706044786156
95000  92.11972273414726
100000  191.69672864167444
105000  144.17521504628752
110000  100.06574711044662
115000  28.289598767169803
120000  74.49150618161276
125000  192.1177495988398
130000  227.0790605619406
135000  252.41933406522298
140000  186.5594093320196
145000  228.13316622901075
150000  240.30682370601534
155000  223.79941538459758
160000  184.60391017883504
165000  209.60868678752612
170000  219.38252140608074
175000  213.00555362674467
180000  186.02365716358764
185000  223.24182565442933
190000  200.9576650377612
195000  181.7858388327847
200000  97.09132072052248
205000  190.46717851885964
210000  227.70049651767735
215000  266.34552414522506
220000  191.0291406071825
225000  185.82215765216148
230000  223.587841430537
235000  260.8823562983554
240000  160.5744873189214
245000  255.9617109744068
250000  261.7221666949321
255000  271.16848947306806
260000  198.4300231602632
265000  237.42077896417163
270000  224.70189875526944
275000  246.56154164053936
280000  275.48508146633503
285000  250.4525939565371
290000  258.6818563963955
295000  255.17381931793912
300000  256.2542162883516
305000  269.5029817522924
310000  267.47496552544885
315000  271.67832568616615
320000  255.13087006530796
325000  245.02974100669408
330000  253.44241792536477
335000  261.19056716609134
340000  252.4221581529364
345000  262.98252055499216
350000  244.34250327990964
355000  266.0550317050121
360000  235.43653331469463
365000  261.82540931109895
370000  218.75633115675205
375000  260.5208634711025
380000  255.6790782656389
385000  267.43206764845365
390000  253.79866276020684
395000  259.71155951005346
400000  265.58466491708054
405000  260.0823821431645
410000  275.1119401431243
415000  270.10601431900585
420000  229.57400400609936
425000  280.78739049503895
430000  221.52678551161722
435000  274.67362808000024
440000  262.633089722348
445000  257.2148179888399
450000  280.22252884465655
455000  259.13021763461995
460000  276.14589596645294
465000  262.5256420840371
470000  230.87534829248912
475000  279.86525003727337
480000  242.74159582613737
485000  275.6005231600037
490000  270.26572262683936
495000  282.149094503904
500000  278.5839419959587
505000  280.4352729761783
510000  289.5194585434222
515000  272.76118231166845
520000  275.5304346284987
525000  277.55174598052344
530000  277.09415115273157
535000  288.46077086530687
540000  278.88662459898325
545000  261.94094762727525
550000  257.8642138089864
555000  279.2128646340032
560000  261.1128207596204
565000  265.29000655794295
570000  244.54539637244497
575000  274.504516643197
580000  271.2637097284156
585000  274.7336162590342
590000  275.3233261134084
595000  272.77569366577285
600000  282.43874124031595
605000  277.65391836228855
610000  284.5220655033501
615000  277.1447405261209
620000  274.000526065422
625000  276.53046727256816
630000  275.1337593382269
635000  243.85550759910137
640000  276.1912916587231
645000  268.01285845199754
650000  277.7692155698398
655000  268.3576087190437
660000  281.5353354537845
665000  276.17083248995027
670000  271.7218117279397
675000  276.69096466923105
680000  281.87516800166424
685000  272.57893114326504
690000  278.04598975260234
695000  264.8526357992697
700000  256.99799611922185
705000  274.70692635800754
710000  279.38483906285035
715000  275.6613075241497
720000  279.638919611362
725000  268.338496835754
730000  257.0047252601726
735000  273.31871735800144
740000  283.09104940068414
745000  288.718173186721
750000  292.01031476458473
755000  269.9551370030259
760000  285.4275814415604
765000  262.6969684454745
770000  278.1395413007026
775000  285.44066200918394
780000  273.19026729580213
785000  283.66981315730743
790000  271.8821821970972
795000  281.95291475203965
800000  279.21437253037124
805000  276.48027456943714
810000  278.2563928472918
815000  283.84554765411224
820000  290.64561667190094
825000  285.2350234056046
830000  283.2069493261989
835000  284.989353399622
840000  278.84774583785327
845000  282.97036313688875
850000  274.5554153851068
855000  283.61303194701424
860000  273.37965239609713
865000  277.6811262547684
870000  280.35298833736925
875000  280.30041671150434
880000  282.1837602655789
885000  254.97985064741806
890000  282.970645970616
895000  288.2830405678633
900000  296.30870793994825
905000  261.1994472541024
910000  271.2166639896509
915000  278.20995985935946
920000  272.46724361956956
925000  277.9083281317689
930000  287.05265814700596
935000  275.2274939847719
940000  272.8001145218226
945000  278.2677612226904
950000  287.5902850164636
955000  279.0211376210014
960000  275.4781741553177
965000  279.93613583170185
970000  278.02483851057224
975000  276.25517478932073
980000  292.1712712669927
985000  285.50730521359793
990000  284.68520951485334
995000  282.01377539658137
1000000  277.33632131557437
