5000  -141.11919591025728
10000  -141.11919591025728
15000  -36.202098737612594
20000  -28.513787415341255
25000  -70.4520774898754
30000  -88.6641049552015
35000  -106.78614515823135
40000  -75.50051462923113
45000  -179.45972191837978
50000  -31.103040452929804
55000  -20.2027354246207
60000  -52.32573389365821
65000  -87.99574890737799
70000  -59.2776186912768
75000  -72.61632839564652
80000  -64.9836183992998
85000  -69.6778785683866
90000  48.90602746386015
95000  144.58653053540763
100000  111.8099725139397
105000  112.91541004423985
110000  179.91938437698866
115000  99.77283148909262
120000  248.59419472979297
125000  202.89886347839382
130000  182.68864932088414
135000  106.88031736195967
140000  246.37198117087877
145000  258.92289161523087
150000  235.1316279132828
155000  218.46886110671917
160000  236.83796893822858
165000  269.40362022452393
170000  250.64554023974944
175000  226.00911882763688
180000  192.9160390668101
185000  238.222167359897
190000  255.15176400404917
195000  243.08525907317636
200000  193.66234053224102
205000  254.9520784119154
210000  221.8274604730484
215000  267.7724066146705
220000  269.49353296016363
225000  267.8086033179519
230000  239.03662970110926
235000  268.6167615025754
240000  258.0393963323594
245000  263.71736040876715
250000  263.09283079800855
255000  263.3464825951015
260000  266.73478913746123
265000  243.37271596087402
270000  255.45505541242215
275000  264.84133775961703
280000  246.4734021631181
285000  244.70628450733744
290000  231.35823696514043
295000  243.4321975194397
300000  275.9468521695415
305000  270.36054589899663
310000  276.32429462640675
315000  279.35234341482726
320000  266.85790235364954
325000  277.27327657805097
330000  203.8299879125428
335000  285.2646172827205
340000  269.384478986481
345000  267.99985776838264
350000  250.66750599358943
355000  244.1143849979614
360000  264.52647324220914
365000  282.13406131838167
370000  280.20238816579314
375000  275.3238672566765
380000  282.14618924547784
385000  280.50837628502177
390000  269.679225139137
395000  257.7424766556741
400000  267.92465741860843
405000  281.22016571289345
410000  275.91792429227655
415000  261.60362741963655
420000  279.8880207868604
425000  269.9269117672219
430000  270.4173888148082
435000  280.5979877606753
440000  285.3776455114256
445000  266.90248395550606
450000  271.8318046784586
455000  281.82613860835215
460000  270.6236657908846
465000  258.90988649903517
470000  287.7079426591604
475000  281.3150277014396
480000  281.5143612039752
485000  243.0682272994223
490000  276.7134738004826
495000  280.64057424267685
500000  282.06622701017466
505000  274.0758651566536
510000  287.0078159876695
515000  273.7751792988523
520000  283.0911381996851
525000  278.00115106991456
530000  261.6373634812308
535000  263.8349912756588
540000  277.49727140258517
545000  277.55345830888746
550000  268.3092107934797
555000  278.69942715947684
560000  277.72585363785254
565000  284.7317161028166
570000  290.9618871753743
575000  261.2823803851647
580000  278.97812948861946
585000  258.54610639974936
590000  282.78176889560285
595000  284.89955149065264
600000  279.1073051512933
605000  278.2252412488639
610000  249.67615272609368
615000  280.19919342932957
620000  273.8267543310985
625000  281.42129072356875
630000  283.3309762139728
635000  282.59973788668856
640000  277.8296616615406
645000  279.23876895417203
650000  277.0553502183765
655000  263.857212568485
660000  279.72301596531634
665000  275.80815195815364
670000  275.70258792555063
675000  283.4603001280052
680000  273.7931921452981
685000  287.14030538680925
690000  286.2230362887912
695000  286.45433407785913
700000  283.84417082247376
705000  279.1934302360325
710000  273.8517300443145
715000  272.88740861265705
720000  272.5559232781066
725000  277.720137624208
730000  284.3269722489851
735000  283.20414318732253
740000  280.4100242614983
745000  273.5448022384936
750000  275.3806851003843
755000  219.55876200391472
760000  282.693451943274
765000  276.3834780288116
770000  286.9843396545109
775000  250.5911313444446
780000  288.47910227059555
785000  287.21249863980154
790000  287.468414678258
795000  283.7953137760977
800000  288.88402321472824
805000  282.9169672401805
810000  272.5495326811328
815000  264.841414513921
820000  286.9982062060636
825000  273.9599004510358
830000  280.32954002446996
835000  272.5995295378873
840000  280.68248216386525
845000  288.7008777142833
850000  276.92821679254837
855000  279.6795579564328
860000  288.1408029229032
865000  279.5488700897448
870000  283.98169281608097
875000  291.95267966001484
880000  267.0527204838591
885000  279.07173773639914
890000  281.7974398991707
895000  287.2449161022906
900000  276.5553796145497
905000  284.6097182093321
910000  283.5712210909563
915000  281.55493823097015
920000  277.36727347288263
925000  266.6441502849589
930000  271.67630071802256
935000  280.14772382060903
940000  283.5356845104549
945000  265.4396341316876
950000  269.3738950614531
955000  289.386511107092
960000  279.8443859523948
965000  282.8113597498269
970000  259.4040082324284
975000  287.56553941422925
980000  288.56270884830457
985000  285.04391583644144
990000  283.17832036732403
995000  285.32694020641406
1000000  268.5214702607971
