5000  18.383520160648537
10000  21.58691681915517
15000  76.29112030430335
20000  83.26129773225625
25000  70.84080342179722
30000  92.26540546284403
35000  108.02188667293589
40000  97.62174049409865
45000  117.06609857229202
50000  96.27847060343056
55000  123.95492859672967
60000  122.58702077658556
65000  100.11215046127049
70000  114.97450138107722
75000  99.9255216132986
80000  168.7335934372177
85000  110.46962659916422
90000  105.85608949726634
95000  124.52965401782733
100000  125.83974538124896
105000  124.16610630174105
110000  98.86436857346712
115000  136.46303385331356
120000  95.0953127873812
125000  105.86853366727914
130000  109.34957059380208
135000  203.0473211960325
140000  122.65451278847804
145000  117.17639200477086
150000  109.89980914617588
155000  94.99830940510974
160000  180.48942084386505
165000  298.03984820959727
170000  280.29940227534814
175000  126.67752428511935
180000  205.9220096861011
185000  202.69313897574676
190000  122.59152970447789
195000  141.9482969479552
200000  119.5088898773884
205000  127.42490529051118
210000  221.61758737257657
215000  109.95407681287297
220000  131.90961144190243
225000  167.27195666311107
230000  284.6231430406755
235000  152.276406202788
240000  501.1872345444432
245000  249.40824584298693
250000  293.47354758480475
255000  308.31614732288404
260000  522.406447211142
265000  606.1212810295563
270000  227.9068918019931
275000  618.8013254413868
280000  511.86169311162973
285000  874.3321367625379
290000  522.6609173589115
295000  648.7669965800994
300000  229.6446887364059
305000  726.7963734477245
310000  721.8414325823652
315000  760.6791023136484
320000  832.5349301680359
325000  988.3406033427524
330000  1013.0380681911905
335000  903.025222758631
340000  822.9733714759595
345000  956.3357444352763
350000  995.1418223021676
355000  984.7372356874187
360000  1002.2386883933723
365000  1041.1884841189212
370000  877.4634436293893
375000  909.9395933667653
380000  1034.0423150816298
385000  878.6638270839479
390000  1058.2311893800206
395000  918.3333411805318
400000  914.0693358975823
405000  1081.0868833270547
410000  1070.1117796792012
415000  1063.6718923745443
420000  864.9112157549723
425000  1066.7336636558332
430000  1083.3219391640193
435000  1082.9222594388586
440000  1111.8550331850652
445000  1104.666484684527
450000  1118.8416730953843
455000  1097.8938395519672
460000  1090.1291095188285
465000  1055.2951370978915
470000  1125.4012277861361
475000  1109.9719629147626
480000  1219.683873755485
485000  1058.6947354961121
490000  1120.4794118032466
495000  1118.753931558692
500000  957.022759698838
505000  1120.9827947630572
510000  1133.7831908845214
515000  1137.9470083459205
520000  961.6051016762189
525000  1067.7518853332315
530000  1130.1445602532608
535000  936.1681727444287
540000  1301.6067044377573
545000  1124.4977517311777
550000  1149.3131206457565
555000  1172.5619188075652
560000  1117.7159835926852
565000  1111.740500584443
570000  1128.1524428576881
575000  1102.60870294788
580000  1153.0581975068121
585000  1123.5619082940393
590000  1152.1631672970548
595000  1032.3112640971885
600000  986.7478805090681
605000  1155.1032568605842
610000  1079.0073521143127
615000  1362.327820935418
620000  1145.1959841370124
625000  987.5236343126875
630000  1152.181294400991
635000  1140.2011367916127
640000  1020.333295555571
645000  958.7424338892466
650000  1138.4938034736106
655000  1139.895363606051
660000  1151.9662562497347
665000  1172.7495775435816
670000  1140.9241339756134
675000  1167.7917124524743
680000  1200.9504075071973
685000  1145.188810403681
690000  1016.998833410284
695000  1162.9978041569323
700000  1154.985477338878
705000  1171.961600137062
710000  1146.473315274938
715000  1203.9235001131876
720000  1171.7767744406187
725000  1121.5678360758293
730000  1004.0902737806658
735000  1107.391012003843
740000  1091.7976798540858
745000  1144.8451342983635
750000  1300.8598186708327
755000  1348.992769872898
760000  992.9514750108267
765000  1197.226586145603
770000  999.6387763892568
775000  1203.9136443024902
780000  1146.809732560618
785000  1190.4731947019122
790000  1160.8080141293963
795000  1189.1517367486838
800000  1363.0755467016545
805000  1188.551760666953
810000  1212.3170922895267
815000  1202.6327148969697
820000  1202.3542674742016
825000  1186.6593467044872
830000  1164.7732105143493
835000  1179.1605452913595
840000  1401.1842451981606
845000  1356.338281843593
850000  1212.300143988237
855000  1232.8106113001309
860000  1147.2326501650427
865000  1211.6890771357153
870000  997.542528078342
875000  1178.8942092209923
880000  1220.613915573413
885000  1201.5242982514874
890000  1243.495399043151
895000  1249.3308640465432
900000  1228.627817289603
905000  1368.1540687936908
910000  1146.54195521687
915000  1231.6149725559412
920000  1030.0270908909615
925000  1201.6950475837152
930000  1171.7765188487404
935000  985.3026961473519
940000  1121.9483106256444
945000  1189.3214131870197
950000  1195.0848225614059
955000  1194.3974194772316
960000  1246.3260620150654
965000  1219.8373394191303
970000  1013.0710910869568
975000  1194.486627016372
980000  1240.4314661640678
985000  1209.614551496083
990000  1178.3914149289506
995000  1190.506709120733
1000000  1188.7408517537258
