5000  3.2026192598973338
10000  3.2026192598973338
15000  99.14039367518181
20000  97.569133430829
25000  95.6955791679045
30000  117.46167072628702
35000  87.25629649828336
40000  100.24889824953294
45000  101.575405212155
50000  142.7620363011536
55000  120.08456783953184
60000  131.46239589104783
65000  130.41897024268872
70000  98.91092443745774
75000  133.84360037478453
80000  226.8464362144392
85000  150.40075766438787
90000  132.3028582922899
95000  311.4915976532099
100000  132.79492576509716
105000  137.90693851074192
110000  135.281294456537
115000  122.06911883996551
120000  136.47825329625752
125000  132.8889887958196
130000  203.06449528188273
135000  381.32441657094586
140000  131.2391439980465
145000  205.56150448205426
150000  170.49260763173632
155000  158.21040064023305
160000  132.31204820292402
165000  134.9283197684294
170000  135.88745772535145
175000  128.0427706680694
180000  213.37990906020863
185000  230.0647028338275
190000  250.52958785295573
195000  269.9306561866041
200000  190.96672244581356
205000  226.6559759970824
210000  222.00447712108243
215000  397.6741705240282
220000  224.91933213819766
225000  427.1098127654244
230000  640.0157277846772
235000  589.0893264916958
240000  393.3586822947555
245000  245.11682746710954
250000  243.86118877810222
255000  414.9215078391696
260000  405.93856806202155
265000  708.1586974196832
270000  707.5980592107501
275000  712.6055846839579
280000  710.8676596700308
285000  694.5964619372448
290000  654.7181754830291
295000  710.931271359934
300000  211.98819997226798
305000  711.4219428285666
310000  710.5774022012677
315000  482.8362337358427
320000  634.6585929587852
325000  711.4808049440642
330000  163.4049234773534
335000  709.8896082258104
340000  485.78975255256375
345000  551.1889119323192
350000  712.2202557967529
355000  472.0636114177511
360000  709.5025476697886
365000  707.9981994984063
370000  643.5042969683209
375000  629.0768848365326
380000  634.892250702116
385000  708.7331928210591
390000  708.122080084924
395000  332.5681249156477
400000  720.4656743603693
405000  392.28872434587333
410000  177.43499333154014
415000  155.6786282659283
420000  348.77073774296343
425000  709.6648573760614
430000  636.1508609712248
435000  632.9951412860153
440000  633.0861632198227
445000  478.2667163420053
450000  157.81062287310684
455000  260.69962371822965
460000  164.97465688078358
465000  426.87565308460046
470000  450.80857879651705
475000  173.9767440402375
480000  664.3722801917036
485000  712.5009655727258
490000  166.0506366114044
495000  693.3693726435507
500000  211.759777420217
505000  216.4292500374473
510000  160.07405699532254
515000  348.709942756613
520000  218.85781733283952
525000  374.99746473327593
530000  700.3055888425665
535000  256.0595374391907
540000  172.41343431276218
545000  395.66175173939695
550000  720.7745463786453
555000  211.83760958254206
560000  248.32113958945928
565000  203.9482602636039
570000  773.5551850784077
575000  612.4792630309005
580000  852.6237028029497
585000  300.9265753245931
590000  799.6864302907653
595000  506.3564542969151
600000  196.7043975090496
605000  706.9916744553825
610000  337.87729147086173
615000  857.84964132032
620000  510.15607809203067
625000  592.7676314310536
630000  745.0340086065788
635000  220.5639140371752
640000  805.7580821751769
645000  634.8891697413134
650000  369.2253097492127
655000  310.8919520654725
660000  572.1164473902465
665000  769.7047184231234
670000  920.5539156625913
675000  806.2453575472548
680000  845.6290910942196
685000  916.232705941431
690000  841.9237231118686
695000  900.1189143720967
700000  846.0633735195084
705000  851.3818690671503
710000  865.5421696474926
715000  847.596269014055
720000  855.6445999276009
725000  888.510919657993
730000  879.0769930058362
735000  859.0556332045131
740000  870.2204990780629
745000  913.4777796692249
750000  905.9903226978522
755000  954.8186017657106
760000  907.7938045085366
765000  783.3754829258534
770000  853.666610027901
775000  922.911710441452
780000  921.662108924809
785000  835.7051108788288
790000  911.8442069765208
795000  878.9641911338164
800000  889.8050594180935
805000  918.8772343430106
810000  921.6873939414887
815000  906.5279107091052
820000  954.757524037131
825000  862.9776116946654
830000  856.0957168593325
835000  913.0536099280138
840000  871.7518420146783
845000  857.3952803770378
850000  911.8331522670526
855000  913.5410422830695
860000  929.9589375347344
865000  940.6885541177735
870000  786.2184609507483
875000  931.3213628991698
880000  955.2592215918646
885000  934.1678972141362
890000  927.9100822874437
895000  934.1544683736431
900000  799.5877531784563
905000  940.4681017522295
910000  928.0357349485461
915000  922.8776451016947
920000  830.3653261900638
925000  863.0615699081307
930000  939.4018007183782
935000  850.6349692493588
940000  892.3441150033601
945000  953.3407573318149
950000  940.8634465246967
955000  952.086981238935
960000  939.1047304345799
965000  810.7249006197575
970000  832.7169261505971
975000  950.5872528656355
980000  936.5098201736744
985000  949.7479867121143
990000  946.0996438562257
995000  943.7890624356982
1000000  909.6261328770839
