5000  30.835852834307452
10000  30.83428354363438
15000  112.88406209202974
20000  166.314829921122
25000  78.08156106373131
30000  199.2809380812817
35000  255.76594709530164
40000  180.64280688173454
45000  111.56771884211813
50000  378.4659116024642
55000  464.8985190288669
60000  275.0551809879032
65000  166.1280137874226
70000  218.501632641589
75000  533.4919612748361
80000  198.0466945934167
85000  115.56519157424165
90000  99.00422016351062
95000  570.2120577140914
100000  105.49729855626296
105000  479.6253215444772
110000  339.3202379084255
115000  586.9237392605235
120000  243.53113109364608
125000  194.31083700638928
130000  236.12619734235165
135000  320.77768985006065
140000  264.4533483117319
145000  190.88511569896735
150000  335.81352180988756
155000  619.1686485398109
160000  739.3594319696386
165000  692.9273381389921
170000  789.2478282526514
175000  475.1044101807296
180000  186.44423423630076
185000  620.7049639580066
190000  801.2697505551024
195000  1060.1268818833746
200000  1163.7861254382851
205000  1237.325715566822
210000  1476.7940981118188
215000  1297.521792084508
220000  1334.6197401640768
225000  1350.9800449795364
230000  1404.2961369407071
235000  1318.0144679055416
240000  1379.992253808143
245000  1397.257835192379
250000  1352.2913355237126
255000  1377.7233537155012
260000  1478.3783706965883
265000  1470.6080254325016
270000  1447.3094616248468
275000  1449.8027014812844
280000  1431.157139223177
285000  1495.0578175396458
290000  1515.546271370587
295000  1485.0384803933507
300000  1543.1140161890642
305000  1386.0458160272926
310000  1446.6803825143186
315000  1471.1405606479125
320000  1462.9938911086506
325000  1195.6581987939694
330000  1412.8982156791303
335000  1444.6309241887122
340000  1527.8690885519704
345000  1537.6770377531693
350000  1442.7923058741642
355000  1302.6292849558808
360000  1505.8892636812784
365000  1519.2312327432908
370000  1545.8423638154295
375000  1557.9349096056017
380000  1580.5437619400575
385000  1590.451273250814
390000  1540.964964641549
395000  1585.7092812834612
400000  1441.2764151750102
405000  1502.0141806285833
410000  1564.4666366001431
415000  1349.9432611534762
420000  1610.7096420062812
425000  1476.8391742459694
430000  1551.7456576419686
435000  1625.8628324816514
440000  1380.781655099728
445000  1585.6558613116254
450000  1509.645065542603
455000  1625.0140033978864
460000  1426.6524156781024
465000  1648.8366557596103
470000  1066.5224407820947
475000  1660.4064407001995
480000  1341.8221078975728
485000  1660.0237044191915
490000  1615.9880088611892
495000  1561.7035484670703
500000  1544.6271973187975
505000  1710.8419021095117
510000  1611.4369705573924
515000  1681.3322585159808
520000  1706.9559551429115
525000  1711.4653730173952
530000  1649.8551139338038
535000  1556.164822002052
540000  1661.0803071517778
545000  1631.546052195111
550000  1706.1673186577766
555000  1711.6608003269394
560000  1504.6449372545133
565000  1531.7202022066097
570000  1727.4212362757062
575000  1662.989162752338
580000  1696.288643601699
585000  1624.7083102001247
590000  1566.2862630410223
595000  1676.9705907162702
600000  1488.5512975194238
605000  1659.5533567767602
610000  1605.8420890331104
615000  1173.596859279177
620000  1396.551131726768
625000  1172.718230082423
630000  1626.9521741927442
635000  293.94946990499545
640000  1693.6753644155192
645000  1648.5900305170992
650000  1666.8483893882662
655000  1692.8924831852776
660000  1743.303450910252
665000  1609.8424263178872
670000  654.9656810611356
675000  1514.5088984624026
680000  1773.4356122137174
685000  1690.8295795374172
690000  1188.0839065669702
695000  1637.4304365035728
700000  1659.2114934319216
705000  1742.1963792347183
710000  1702.6770860906868
715000  1795.215937569225
720000  1698.4263424343437
725000  1757.7286628425086
730000  1705.6744094992184
735000  1694.6020849487063
740000  1740.627677509697
745000  1715.8705899368292
750000  1564.6651229274855
755000  1664.3820654398146
760000  1718.8019874624574
765000  1750.4852036546577
770000  1748.8324188623162
775000  1746.5130180087253
780000  1822.0742630802881
785000  1813.402660962766
790000  1802.483338855626
795000  1808.9672589842587
800000  1726.6458356251715
805000  1806.8653301982588
810000  1760.9627087030785
815000  1806.6985534288294
820000  1849.3600039300861
825000  1737.5669374209986
830000  1790.4091953196835
835000  1748.7431305955772
840000  1671.829424242706
845000  1741.0980875542905
850000  1804.2963096629308
855000  1667.501440404886
860000  1802.541244873879
865000  1785.0164125182514
870000  648.1948033565059
875000  1815.4652493846631
880000  1826.227679294226
885000  1855.4789555369698
890000  1744.432456569708
895000  1832.3216245466406
900000  1851.4091984781396
905000  1704.3070871317595
910000  1870.198721380005
915000  1830.038408459603
920000  1806.2140411317137
925000  1803.395710216062
930000  1849.9537655237614
935000  1767.962486164651
940000  1815.232842488404
945000  1848.3826799908904
950000  1735.6724758610803
955000  1831.0073883963219
960000  1742.9820196391902
965000  1770.5130233196228
970000  1768.6366751133344
975000  1775.5833715486951
980000  1830.1450889283583
985000  1907.4340254496342
990000  1888.4648075770715
995000  1774.7543359923825
1000000  1827.6907842280991
