5000  5.003527394077775
10000  5.003527394077775
15000  194.48089811069136
20000  75.68391482517997
25000  68.27716367190183
30000  147.53199365402588
35000  112.91531652032135
40000  125.58120451392733
45000  324.6152095557916
50000  217.2962157360818
55000  98.68769412301954
60000  114.11418102604644
65000  109.44397606722973
70000  271.72664643095317
75000  108.93568501286904
80000  460.80415292794305
85000  177.1942269616847
90000  213.4383869189794
95000  563.4462322506075
100000  813.9836115839537
105000  805.3554772345607
110000  463.2037215814101
115000  319.1643493506456
120000  539.9956358252936
125000  723.31173132959
130000  408.18595013203117
135000  758.0120133492229
140000  1255.4822514482717
145000  1248.5039684095761
150000  1232.843287686454
155000  1201.4065184846834
160000  1179.2674898070725
165000  1055.6676067395292
170000  1173.315531634571
175000  1194.6139666212873
180000  1238.0190398002599
185000  1254.791519039549
190000  1280.8829283232042
195000  1229.4509390743337
200000  1281.1949751597435
205000  1312.068429287258
210000  1254.8593091264438
215000  1321.0671999451592
220000  1314.8468610338912
225000  1318.4065706656497
230000  1325.9358635587723
235000  1117.6549273724067
240000  1297.8897309402269
245000  1349.3454136488517
250000  1305.4939132912846
255000  1362.9301095392614
260000  1372.5158573487292
265000  1319.8073026556208
270000  1366.9144025758578
275000  1354.2452785677826
280000  1364.3439647223845
285000  1372.6802501540642
290000  1354.3689461718732
295000  1384.1002873994355
300000  1315.5679089815326
305000  722.9969626874114
310000  1337.9773327943294
315000  1379.3454621612723
320000  1339.7496047522784
325000  1320.5553900371626
330000  1351.8114775223844
335000  90.54519184554746
340000  1462.827512236555
345000  1332.340933497398
350000  1301.9389303705036
355000  1313.1306149266725
360000  1400.2060162656194
365000  1436.650162428446
370000  1459.59068060744
375000  1390.1400019187686
380000  1452.4556022740765
385000  1450.5974010896757
390000  1443.4641311270657
395000  1460.5615786128676
400000  1413.5429192736076
405000  1469.3447389629096
410000  1446.589886336649
415000  987.9084406092736
420000  1432.7919791831448
425000  1460.2007296633915
430000  1352.2117159479205
435000  1466.9260053947826
440000  1448.3337495630053
445000  900.522650818684
450000  1532.682770696245
455000  1142.7073174453199
460000  1523.3976179934448
465000  1367.1430927135827
470000  1356.0288541947082
475000  1525.9220233468416
480000  1532.5681809008142
485000  606.2660386837808
490000  1495.9711238948357
495000  842.2763125489146
500000  1428.6923286646477
505000  1517.5459594455754
510000  1561.9405933974401
515000  1497.3756910637924
520000  1505.576478556439
525000  1580.5752554166907
530000  1184.4321206029633
535000  1459.8534752151365
540000  1508.834625528258
545000  1560.486532031288
550000  1600.8808112445445
555000  1365.14259509046
560000  1588.2677731645344
565000  1349.217071729583
570000  1548.822989432185
575000  1559.0211826213192
580000  1599.049704915594
585000  1563.6069867984759
590000  1607.949317348514
595000  1412.7832592442833
600000  1568.9320896892903
605000  1555.5652081466383
610000  1573.7781360062165
615000  1576.6972011637524
620000  1618.1912401442576
625000  796.9737280054147
630000  1556.8864381277583
635000  1528.3506304942332
640000  1620.9909977852117
645000  1623.421886036439
650000  1537.9895504114888
655000  1576.4562069509598
660000  1612.172999812833
665000  1477.3315191394217
670000  1328.1662874718438
675000  1417.1627572563398
680000  1333.443357937672
685000  1644.8071557473918
690000  1641.5066794139275
695000  1178.9874280601941
700000  1453.0185170964953
705000  1662.3865980711823
710000  1470.2509277529682
715000  1481.149538933323
720000  1659.7511789698287
725000  1570.2539620534792
730000  312.49356274805575
735000  260.72272621091753
740000  1643.6010064060847
745000  1624.5571931074933
750000  1657.2192021023602
755000  1619.7577707797934
760000  1620.2164852349993
765000  1552.2581184735752
770000  1601.087612373118
775000  1460.7330323180215
780000  1643.425640114113
785000  1609.333380430076
790000  1645.4842083916476
795000  1547.7643531858953
800000  1277.2439283570595
805000  1641.2210158324074
810000  1528.8457712839465
815000  1504.8079930476986
820000  1527.4986728372064
825000  1433.5058803826923
830000  1649.9803694169318
835000  1520.131511516804
840000  1672.9896841859656
845000  1643.2599765953219
850000  1706.536368677298
855000  1682.2035591969056
860000  1681.398135957096
865000  1690.6736564928942
870000  1723.5923467705138
875000  1736.0015583302913
880000  1679.0012360465614
885000  1711.4930865092986
890000  1667.4497574180737
895000  1668.0191600615199
900000  1698.9207568419133
905000  1692.4960118533309
910000  1666.1575058651938
915000  1713.3525405790274
920000  1665.9055669937618
925000  1674.966890888159
930000  1722.402542028085
935000  1386.7732155162853
940000  1663.803539808283
945000  1700.2503808675597
950000  1255.7763657074672
955000  1697.2538491349355
960000  1729.974193180049
965000  1717.3195664936143
970000  1670.6462847711641
975000  1706.1019099887046
980000  1672.1547456425083
985000  1704.4250212444035
990000  1709.981444730904
995000  1521.6635413247423
1000000  1723.1173096728307
