5000  610.913057828744
10000  610.913057828744
15000  495.4039530121719
20000  803.8090256868176
25000  921.3596989935679
30000  761.6831940243999
35000  962.3466083018009
40000  1068.4741244252987
45000  989.9096452054337
50000  1189.356331070687
55000  1285.9348452319164
60000  1422.3683872603228
65000  1535.7468399746233
70000  1851.6193212792944
75000  1671.9543773081434
80000  1921.8069628815927
85000  1960.5142580992674
90000  2012.2897402054155
95000  2029.538074591857
100000  1922.1645210304189
105000  2121.9837529856177
110000  2130.5957507144763
115000  2180.649836712085
120000  2158.2677217812993
125000  2267.819211591523
130000  2409.284620089181
135000  2555.9647650561737
140000  2538.1092106009546
145000  2220.9136122549726
150000  2545.021447374552
155000  2347.5326849751523
160000  2520.3650909997727
165000  2646.5174780122275
170000  2742.52831684397
175000  2559.8553266781296
180000  2501.503537374062
185000  2208.4069932586785
190000  2792.1977350276256
195000  2761.9042702181478
200000  2834.2138074969344
205000  2795.807198529119
210000  2694.880645536593
215000  2786.386015682402
220000  2866.138640265817
225000  2840.9347894474377
230000  2915.938941633962
235000  2882.4072004323525
240000  3014.7598378108264
245000  2880.8302120662847
250000  2809.591170967268
255000  3062.4411248883293
260000  2988.900426363428
265000  2855.241250010643
270000  2955.5490146720176
275000  3028.232486014094
280000  2942.3054391400156
285000  3053.444253103097
290000  2830.843816391844
295000  3021.079030665274
300000  3021.756453829271
305000  3109.604348226381
310000  2836.000630759802
315000  3087.3862551518146
320000  3129.6384850489985
325000  3186.7473259683147
330000  3117.9849944310336
335000  3264.767386225393
340000  3152.0720385546397
345000  3163.3497437338983
350000  3162.2011141666294
355000  3170.1129698909463
360000  3291.8473081962643
365000  2953.7732208395055
370000  3258.3679819751396
375000  3316.1803782526667
380000  3302.5352474870624
385000  3195.688586917691
390000  3377.29590061565
395000  3331.7857871798383
400000  3349.0823856273273
405000  3494.598448170592
410000  3505.30172026291
415000  3257.0789491650066
420000  3645.2047053856463
425000  3335.674546310882
430000  3491.442852059887
435000  3420.725296650551
440000  3624.479339970517
445000  3594.658837327178
450000  3426.626798045788
455000  3476.794325857023
460000  3462.6422318866607
465000  3636.225426863975
470000  3690.3658758550323
475000  3594.037897294864
480000  3565.423385654072
485000  3682.3024678456545
490000  3567.127803438005
495000  3477.589407607131
500000  3603.76116162545
505000  3394.0062365698773
510000  3694.976427524906
515000  3545.0036157491145
520000  3676.0264886520417
525000  3682.0985462419385
530000  3676.977280083503
535000  3725.9658015257637
540000  3552.111241702833
545000  3634.7090561861924
550000  3715.304472389683
555000  3686.3202147537063
560000  3838.7893469046016
565000  3847.7587489390207
570000  3795.927175811584
575000  3842.2473086014456
580000  3717.6197143039717
585000  3832.8007924765066
590000  3722.897249645315
595000  3816.291453527975
600000  3612.093922079068
605000  3652.7351941041065
610000  3838.844594497497
615000  3777.4360614683815
620000  3874.693299854903
625000  3672.918443160567
630000  3841.6493291844017
635000  3871.8581680086527
640000  3852.3543819001634
645000  3864.1904181030613
650000  3815.2943089255596
655000  3833.805047712238
660000  3855.8770544762897
665000  3637.3505892005837
670000  3896.9071143701267
675000  3905.084225158195
680000  3884.2851168712173
685000  3796.519881047066
690000  3774.669106600309
695000  3953.865702065004
700000  3818.265810889963
705000  3863.8264869858444
710000  3894.9559652983894
715000  3889.704029366612
720000  3745.9079254346893
725000  3802.026520403762
730000  3766.921134311361
735000  3889.903159347751
740000  3300.261686674953
745000  3946.18734848291
750000  3721.969599609037
755000  3774.190373199476
760000  3479.2632043521176
765000  3821.896403987151
770000  3838.7001057788448
775000  3885.9355696061875
780000  3923.0054717465964
785000  3936.2357363563233
790000  3903.2074666720328
795000  3912.456659949062
800000  3864.696989736495
805000  3906.2186915832644
810000  3892.71085477084
815000  3938.7135663921117
820000  3914.633696863856
825000  3820.2778380633163
830000  3893.7795103558847
835000  3953.2326272069213
840000  3948.29097133174
845000  3936.9194302395067
850000  3893.6090361112247
855000  3919.2291892620733
860000  4000.687759484996
865000  3996.0047008714405
870000  3979.7816251973754
875000  3939.290878457525
880000  3960.5911492987098
885000  3928.2082323732184
890000  3931.5451866945687
895000  3958.393575422556
900000  3902.4567431733694
905000  3862.182840546281
910000  3931.7608569885233
915000  3993.8899910625346
920000  3877.7072291919744
925000  3927.0309145095976
930000  3983.276677932275
935000  3941.746186220817
940000  3971.04593168697
945000  3979.4380647069784
950000  3962.949145397122
955000  3938.862850887998
960000  3959.548026941748
965000  3921.0103289641593
970000  3982.6882712023944
975000  4010.38297278728
980000  3987.7800671157333
985000  3897.217371956283
990000  3990.2575144153575
995000  3994.895981590821
1000000  3852.364696101578
