5000  600.0835221047961
10000  600.0858701230809
15000  316.10114072480616
20000  634.5367558629184
25000  655.3793507907762
30000  825.1337724319015
35000  993.0225805769776
40000  1387.5376259164095
45000  1282.4706278343945
50000  1528.666317887711
55000  2118.2540886548877
60000  2026.108650335536
65000  2394.9488542470594
70000  2253.059683354552
75000  2690.9643838108645
80000  2651.5165958095654
85000  2464.5051979490163
90000  2795.6334545078826
95000  2767.9210749959716
100000  2764.6162723970774
105000  2870.426550040951
110000  2856.2523416614677
115000  2934.435846077427
120000  2957.8921284733906
125000  3114.704886715549
130000  3044.933882104949
135000  3095.8876007417684
140000  2966.5505138039307
145000  2971.8404060219978
150000  3031.0662019888164
155000  3033.708132837516
160000  3035.8106533188493
165000  3093.2510893610424
170000  3092.851994774575
175000  3104.032804602985
180000  3031.983147319691
185000  3123.6685376367595
190000  3216.6053879494407
195000  3078.357199558944
200000  3206.278935549534
205000  3044.331713760779
210000  3153.484955615006
215000  3333.239371637183
220000  3195.802709524246
225000  3188.9677334262688
230000  3209.6068006718588
235000  3216.6323417227227
240000  3185.5213284232386
245000  3200.4904525860443
250000  3203.768357090781
255000  3167.659631225194
260000  3210.3623773633376
265000  3261.3965470396734
270000  3175.548884503889
275000  3277.260711003495
280000  3176.424297322215
285000  3230.8642159768233
290000  3308.783559787297
295000  2940.0289944410824
300000  3251.305888471294
305000  3303.8671361392385
310000  3296.045182741463
315000  3179.988784983453
320000  3217.384758257271
325000  3206.3634698684778
330000  3302.444944879649
335000  3221.646984279179
340000  3305.756932506646
345000  3332.2308639681455
350000  3313.2566765584656
355000  3327.984606568866
360000  3369.031293661495
365000  3321.702982725806
370000  3316.21047360589
375000  3457.506178848986
380000  3350.5592450268878
385000  3276.5736340668896
390000  3345.840054783713
395000  3426.7390778544095
400000  3393.4208793766716
405000  3404.560287481547
410000  3288.6256555026785
415000  3396.3346514980026
420000  3307.5604553811913
425000  3354.888032699605
430000  3487.403635326683
435000  3392.79939091419
440000  3452.511828143162
445000  3397.2894839424616
450000  3437.6436162353625
455000  3429.289699294763
460000  3425.8126392890044
465000  3443.1022704269126
470000  3325.950052820802
475000  3322.935909385799
480000  3560.6790581087926
485000  3441.533512211744
490000  3473.1148257157606
495000  3498.0364884653573
500000  3462.437261344488
505000  3488.8611658804994
510000  3467.2443518228706
515000  3334.124443408873
520000  3369.633607131658
525000  3352.6420584095395
530000  3390.159454023514
535000  3501.9296919956664
540000  3476.3560882445627
545000  3399.88301031255
550000  3525.447803861955
555000  3416.3898112657103
560000  3520.573644865223
565000  3197.394173165545
570000  2582.3090490769964
575000  2998.3596949358666
580000  2987.1218619019282
585000  3190.4941964946624
590000  3590.255935986473
595000  3380.8142571868325
600000  3400.86663188096
605000  3556.5693444861413
610000  3498.6961778315745
615000  3635.9075851779317
620000  3362.602163858012
625000  3586.1772327955055
630000  3548.008200599237
635000  3501.7881529636734
640000  3568.278515703279
645000  3601.8510082944676
650000  3535.354426398352
655000  3631.0909589419557
660000  3641.4133938008986
665000  3557.637267189987
670000  3543.914369880713
675000  3536.8787892266664
680000  3417.9210387672647
685000  3597.766697067961
690000  3522.2596441794713
695000  3622.0528257033
700000  3623.828241495978
705000  3675.8353859892622
710000  3598.690123727026
715000  3655.175721304296
720000  3655.6807716936237
725000  3602.869440053468
730000  3612.549766957624
735000  3659.9919015448404
740000  3654.875087793457
745000  3655.812251599047
750000  3693.0445691235495
755000  3560.9244807042937
760000  3519.5770691809894
765000  3697.407742806984
770000  3650.552870415597
775000  3701.42234567753
780000  3621.590991350377
785000  3639.4509299954566
790000  3655.7668509520545
795000  3695.5847797001306
800000  3755.123943678598
805000  3679.2273308531453
810000  3725.3727157948624
815000  3649.32194248834
820000  3639.2217147219585
825000  3623.773846244523
830000  3730.869351976872
835000  3585.482390323357
840000  3593.7223870145617
845000  3707.444224970443
850000  3728.236028069743
855000  3715.8555002188855
860000  3671.69029554694
865000  3714.8468302181745
870000  3582.7760080397284
875000  3660.228463892953
880000  3587.511302544801
885000  3787.036953440992
890000  3707.3435856514834
895000  3712.5438429696724
900000  3735.922335086508
905000  3711.136222028434
910000  3761.866933986338
915000  3668.4367011444238
920000  3710.36423627126
925000  3695.8121886968584
930000  3771.6864589577053
935000  3619.565021800287
940000  3515.0407488650235
945000  3705.559118308645
950000  3643.989870246347
955000  3735.998085945705
960000  3710.5019062086008
965000  3714.322059224129
970000  3717.696234192642
975000  3796.6582379932647
980000  3772.987632511289
985000  3722.814153229411
990000  3726.7904923690194
995000  3495.8596467235484
1000000  3805.555441045531
