5000  599.9740872764265
10000  599.9546054567307
15000  659.6570807740848
20000  671.4788833577564
25000  803.4584734619176
30000  935.0579342322881
35000  768.731419124535
40000  1024.1745004002419
45000  1066.3720049668345
50000  1147.6682953213415
55000  1325.378612187348
60000  1337.9959436536333
65000  1288.9997237692874
70000  1705.7584588103753
75000  1901.9678053999255
80000  1823.1233421362363
85000  2164.2826121501403
90000  2231.3135702152817
95000  2086.6108895054713
100000  2536.4548649085627
105000  2562.274238487779
110000  2759.9870453708595
115000  2821.2704243841176
120000  2708.1871039938915
125000  2910.397430918855
130000  3028.846698775008
135000  2948.694914318722
140000  3061.47450073031
145000  3097.7911317956114
150000  3225.448618185095
155000  3253.89439623915
160000  3226.139331409623
165000  3295.677609307025
170000  3333.6194113951133
175000  3296.43357537226
180000  3225.830220451243
185000  3512.670405664764
190000  3382.9866925611777
195000  3543.439349219989
200000  3433.147793413631
205000  3485.2350361157614
210000  3448.7592958836476
215000  3583.481895911402
220000  3347.245967503516
225000  3456.388076954173
230000  3521.445702161292
235000  3574.193741023047
240000  3473.8227033996873
245000  3591.36639792229
250000  3598.980378689795
255000  3559.9840586031496
260000  3426.566734835026
265000  3612.88314251945
270000  3579.9770777964977
275000  3503.9831385025436
280000  3528.295081687542
285000  3579.615218449263
290000  3684.594943330159
295000  3662.6711886175026
300000  3651.413420807138
305000  3661.3303452342284
310000  3670.4258264097757
315000  3674.34934161748
320000  3569.562779729381
325000  3657.3995744258928
330000  3581.3819032915685
335000  3676.003034653647
340000  3603.4588818690454
345000  3743.116387292859
350000  3712.354925070288
355000  3713.440916355412
360000  3775.95743492678
365000  3701.1700820022597
370000  3778.997406055247
375000  3771.2572980514037
380000  3736.0702941488316
385000  3757.2562648482844
390000  3716.220533966081
395000  3793.2585875161485
400000  3827.9110769055246
405000  3790.452210658904
410000  3809.925154967286
415000  3780.8447820890387
420000  3812.7704919803705
425000  3844.2367756437498
430000  3803.6448572687723
435000  3763.3829588665417
440000  3803.564776761489
445000  3811.4725725687504
450000  3756.085751562502
455000  3787.5672023267207
460000  3870.0830173188306
465000  3883.45543278572
470000  3764.225947651218
475000  3862.4575764868605
480000  3769.2102895713674
485000  3757.736907236421
490000  3806.382393400684
495000  3878.5375022734393
500000  3822.7335000997628
505000  3808.8624946941445
510000  3824.554463106323
515000  3838.504599436764
520000  3849.7505239644015
525000  3850.607606390753
530000  3833.4415581696294
535000  3791.2456237638676
540000  3808.311820458165
545000  3898.9686952305806
550000  3799.3354437127005
555000  3710.562929992444
560000  3784.870757107946
565000  3780.6180573954616
570000  3899.1053304109387
575000  3817.584343985316
580000  3869.153095090438
585000  3758.648404764779
590000  3916.4316644279706
595000  3849.0952443181295
600000  3817.166049423869
605000  3847.331715839771
610000  3904.2943695726244
615000  3906.375854030107
620000  3777.406714176602
625000  3918.679500934373
630000  3912.4073056493557
635000  3879.374552169713
640000  3824.5046824814754
645000  3831.0374437836463
650000  3805.796837487037
655000  3860.2681372224665
660000  3901.3870714665886
665000  3818.6995616779905
670000  3920.0040449119783
675000  3858.7786730018533
680000  3804.485962880771
685000  3898.1636062635966
690000  3878.8167367703486
695000  3940.6639597306844
700000  3904.184283625001
705000  3826.9982498880368
710000  3880.999891750319
715000  3930.990323702742
720000  3960.1743734807314
725000  3865.6161149486297
730000  3903.38852763791
735000  3888.423903150411
740000  3866.184764424862
745000  3913.5644942787467
750000  3984.3038880902714
755000  3894.8161422396383
760000  3946.4081999343834
765000  3894.5020527648667
770000  3934.311579667906
775000  3922.2976905584014
780000  3950.9105771333807
785000  3977.4291632481923
790000  3947.821048262157
795000  3916.719550229521
800000  3997.1399912924876
805000  3772.736219178906
810000  3930.00785088746
815000  3878.812842467767
820000  3938.187521405825
825000  4010.2689558297257
830000  3989.782929775073
835000  3929.803993557918
840000  3936.2888927440376
845000  3839.8203209969092
850000  3916.6065958415056
855000  3863.395443031242
860000  3896.2798301938356
865000  3928.9188003542636
870000  3856.3845916820296
875000  3977.3591991664775
880000  4012.6874899901
885000  3968.619809501454
890000  3895.0939347218873
895000  3974.7807370069736
900000  3902.743283253062
905000  4022.795263042465
910000  3941.5503768985895
915000  3957.1496402341872
920000  3966.815675502918
925000  3965.1778754908564
930000  3960.3591294716
935000  3891.4956616726695
940000  4000.7044490476896
945000  3902.1161376043333
950000  3872.3201659719684
955000  3984.3210752891378
960000  3960.837030443877
965000  3980.874621940523
970000  3882.034824672069
975000  3987.195681130647
980000  3952.246318630178
985000  3928.6812495690997
990000  3991.2040340249123
995000  3972.330470260953
1000000  3946.8844018629557
