5000  481.2940271826982
10000  481.2940271826982
15000  583.0567650763018
20000  542.7594788882562
25000  703.4204872902549
30000  624.0169541780284
35000  763.1153827398638
40000  702.3808702983536
45000  649.0287643129667
50000  854.6153995571352
55000  713.7081405237371
60000  816.7952717104979
65000  1127.77673987991
70000  1069.9410636090763
75000  1196.0096032924837
80000  1137.0859630921273
85000  1265.6395732526098
90000  1506.0423562623728
95000  1659.1265048095079
100000  1973.6794192712707
105000  1890.6684475149596
110000  1367.127305333321
115000  1876.0583474342197
120000  2428.0778370637327
125000  2226.975511324793
130000  2251.9118806474808
135000  2504.713404437126
140000  2508.3916164923185
145000  2469.1195785477003
150000  2519.5435682660304
155000  2709.2154594527815
160000  2792.3987216049786
165000  2887.436509193459
170000  2789.428429481911
175000  2776.6659205715587
180000  2749.259817588148
185000  2793.289517595789
190000  2861.5037522742045
195000  2934.683023510874
200000  2985.5652809994817
205000  2975.421018282099
210000  2968.91566165538
215000  2945.0654584450454
220000  2959.507097467972
225000  2950.790915980554
230000  3070.0568751585315
235000  2908.9674713922354
240000  3071.113028900666
245000  3062.701583934997
250000  2944.4747441136433
255000  3045.6628482481146
260000  3189.57742106758
265000  3251.624997797544
270000  3158.6231771805788
275000  3143.0315172492556
280000  3196.15697396729
285000  3240.7445032279375
290000  3059.3735303289927
295000  3179.120791876414
300000  3081.930597745842
305000  3158.1682823089163
310000  3244.0828844594002
315000  3415.6269443171936
320000  3270.2099553192875
325000  3361.0451861518895
330000  3390.549394706331
335000  3366.5789666584315
340000  3373.2841308454945
345000  3352.2932741054756
350000  3421.699176843596
355000  3201.1899995363824
360000  3375.766268996658
365000  3470.1400658125704
370000  3464.3751089140396
375000  3374.2540911817828
380000  3488.609926872682
385000  3047.0367762712526
390000  3092.2443322239783
395000  3465.4183784470843
400000  3410.859125311563
405000  3456.2126843745436
410000  3411.5358182197065
415000  3411.2648801303244
420000  3485.7182072755118
425000  3408.0489376176533
430000  3431.3220214142907
435000  3507.407669843012
440000  3522.9580425228633
445000  3351.4674261396985
450000  3385.8717808258507
455000  3535.834792816906
460000  3468.297920971379
465000  3180.4160217432673
470000  3305.6590997365397
475000  3500.484612374143
480000  3546.847704904322
485000  3653.033391806389
490000  3618.4065623329852
495000  3401.3503522097794
500000  3446.009518688477
505000  3621.8911372676766
510000  3563.576394320991
515000  3497.126841580379
520000  3439.4913207669915
525000  3659.8752354173484
530000  3475.7427127778515
535000  3343.8144600278583
540000  3401.57430753168
545000  3275.092550559102
550000  3205.6030138709193
555000  3593.8936597115876
560000  3513.6858882734696
565000  3582.9212349673826
570000  3305.1063460597807
575000  3704.6784627874404
580000  3669.6672836604675
585000  3703.9578823088436
590000  3545.175782489826
595000  3672.2974101277964
600000  3685.870263658007
605000  3604.465794311017
610000  3537.587228027929
615000  3451.2730814955903
620000  3711.860564102678
625000  3644.9010559568233
630000  3602.443979560071
635000  3618.4509287038854
640000  3667.77337042003
645000  3703.179437501217
650000  3778.938062029532
655000  3821.326538318682
660000  3719.777425429039
665000  3719.811259276207
670000  3815.018861479685
675000  3824.7121593045
680000  3756.0453481417026
685000  3840.116738550885
690000  3730.504339117063
695000  3771.426665529114
700000  3758.9970269982064
705000  3802.8292258747715
710000  3748.860498531662
715000  3741.519839057228
720000  3836.4582664812565
725000  3578.2110863110174
730000  3753.847369491752
735000  3767.321689313235
740000  3739.2345001033273
745000  3656.688419040326
750000  3774.441024092602
755000  3796.30718022766
760000  3801.744421342059
765000  3823.6123460704607
770000  3700.71120898928
775000  3873.026272014517
780000  3805.2805193873305
785000  3804.986021432834
790000  3771.3465969801014
795000  3786.9553528630086
800000  3842.0038959901512
805000  3128.9792721227636
810000  3036.452390286408
815000  3603.261576431241
820000  850.6577119796508
825000  792.2537385274775
830000  525.4595478409793
835000  699.8889376551767
840000  570.9024367298961
845000  723.2594590137725
850000  742.4869408237671
855000  950.0681895468242
860000  1332.611091633592
865000  2686.283228480132
870000  3489.9008656625206
875000  3559.3564581205164
880000  3684.8299446811498
885000  3543.453077380544
890000  3774.5877359677934
895000  3801.115828630722
900000  3857.5264306133276
905000  3756.170119563581
910000  3802.0350855612814
915000  3779.4703913057333
920000  3707.6850094848037
925000  3769.6367764095785
930000  3806.0090372725244
935000  3762.164334435535
940000  3885.413824360171
945000  3842.1263462378893
950000  3767.430655914406
955000  3622.826805640586
960000  3804.212052089721
965000  3808.1906529265966
970000  3894.154271276737
975000  3836.4018359105257
980000  3765.28861262621
985000  3658.3692413028343
990000  3978.762965743629
995000  3777.155190508363
1000000  3883.509888066857
