5000  498.2010921967167
10000  498.2010921967167
15000  684.4320723767823
20000  537.0166357146041
25000  872.8901579388252
30000  1023.3738186884215
35000  987.0352171104869
40000  1331.0833392422142
45000  1488.970740503691
50000  1336.164519593139
55000  1509.8907085677754
60000  1900.1218424253013
65000  2243.9179310563964
70000  2385.144342641974
75000  2371.7251151315168
80000  2603.0357299254465
85000  2620.144673606812
90000  2562.1943031042865
95000  2619.3000227706443
100000  2665.2662023968956
105000  2717.47487709834
110000  2917.1198146116235
115000  2816.8175629677676
120000  2610.2351978556085
125000  2877.5821248666666
130000  2987.7162346394025
135000  2962.455011205605
140000  2930.96399237422
145000  2967.7566857439715
150000  2868.089862104647
155000  3064.6521583805124
160000  2854.7118795490933
165000  3059.245545116236
170000  3012.463481663437
175000  3048.196339631677
180000  2985.535789268865
185000  3045.1682003081573
190000  2994.7763301755144
195000  3065.9085932732164
200000  2957.2936710908493
205000  3113.4376622988243
210000  3124.7088670195903
215000  3171.527202402899
220000  3104.513577627291
225000  3145.495861511553
230000  3152.970738421226
235000  3201.425335616578
240000  3356.475495186386
245000  3303.0151812809263
250000  3337.9859997906447
255000  3296.7079301709514
260000  3334.6035206300426
265000  3257.717364886797
270000  3344.177110917122
275000  3300.298203479746
280000  3254.565648596453
285000  3325.4449936391297
290000  3289.243983491558
295000  3371.2005454613245
300000  3167.7609346253103
305000  3296.385743915142
310000  3436.821195554518
315000  3481.1485564371383
320000  3330.8902174691693
325000  3371.7066442059268
330000  3465.1179966557393
335000  3467.774975822382
340000  3427.951137820955
345000  3251.476267272652
350000  3244.229106157688
355000  3493.98575462979
360000  3385.772780028059
365000  3402.268024662102
370000  3442.1413666682784
375000  3441.510049034925
380000  3478.5901316291333
385000  3479.38871557745
390000  3525.9015948388355
395000  3526.478397983616
400000  3556.421516423879
405000  3465.880393403562
410000  3208.9973961144447
415000  3548.140262007232
420000  3474.3725055487193
425000  3484.296364516762
430000  3447.6353919575
435000  3616.9782628895073
440000  3672.3126410924115
445000  3541.90762379177
450000  3599.0184466576247
455000  3547.636593382721
460000  3725.0775712876916
465000  3406.779664039231
470000  3649.6091573196854
475000  3407.377059591637
480000  3498.0072629439137
485000  3662.6625362006503
490000  3639.968451289575
495000  3679.157682050248
500000  3760.4875837371173
505000  3615.420507781867
510000  3592.6470278195875
515000  3595.4485348007206
520000  3699.3616631688164
525000  3724.1508306393503
530000  3741.465557524442
535000  3389.882534630195
540000  3722.445258817869
545000  3733.4293622808314
550000  3600.812194206512
555000  3603.3552095716163
560000  3748.8486620412077
565000  3589.3425087292926
570000  3586.127046811089
575000  3599.627944703603
580000  3626.020609970316
585000  3612.2548856291223
590000  3663.128990716568
595000  3455.9298441263804
600000  3509.9860652875423
605000  3643.917847117208
610000  3652.6315915249347
615000  3722.2462754741296
620000  3622.7641398535625
625000  3874.8790999765506
630000  3814.5394929666627
635000  3712.5985754972994
640000  3561.571881327636
645000  3758.8083159719426
650000  3612.023139363293
655000  3629.134251405535
660000  3397.850285564075
665000  3352.638393181526
670000  3823.6700584791993
675000  3712.837671742862
680000  3806.3695706161393
685000  3595.373144234545
690000  3840.8766055624774
695000  3755.251902921916
700000  3763.4962869904034
705000  3845.039426216163
710000  3488.281015794324
715000  3789.411482104698
720000  3803.9301203049317
725000  3764.1565336976237
730000  3555.8666290949577
735000  3774.2348303643944
740000  3720.205742057675
745000  3958.5027319071532
750000  3767.62217191714
755000  3703.5390666093067
760000  3739.421223211089
765000  3775.1525225512523
770000  3856.355526002907
775000  3820.503162668689
780000  3745.6023356538835
785000  3752.233997289749
790000  3876.6487106113223
795000  3762.3473467630065
800000  3858.254725967603
805000  3731.5219684853337
810000  3881.990001603269
815000  3737.134288491051
820000  3702.73560231429
825000  3724.812184265417
830000  3784.1192497943202
835000  3781.3463914623258
840000  3878.7814768742537
845000  3932.0890928955005
850000  3997.1798283896837
855000  3743.2500511160956
860000  3844.2459263072806
865000  3863.395174073025
870000  3884.0883921634677
875000  3679.7834225910965
880000  3999.1498181248658
885000  3909.106154070859
890000  3944.1999811627693
895000  3921.1427402317486
900000  3845.8527999013677
905000  3751.4908105246404
910000  3828.3543001909807
915000  3866.419253942754
920000  3913.272200863275
925000  3968.018776133281
930000  3943.104386840162
935000  3861.5499800448065
940000  3790.9596853604367
945000  3839.342652327033
950000  3958.08981496458
955000  3932.421019179277
960000  3880.924274314225
965000  3972.0794817583082
970000  3857.9027374030825
975000  3875.5156634070822
980000  3868.9017812115394
985000  3896.2332006256474
990000  3710.7184502431023
995000  3990.436925903975
1000000  3795.9352281314445
