5000  599.7386014110301
10000  599.7386014110301
15000  796.1469638993658
20000  887.9548285954901
25000  668.2879463007174
30000  795.3762136834337
35000  1217.025012411793
40000  1093.182090028421
45000  1087.041894871984
50000  1171.8468042586433
55000  1680.5251019329457
60000  1763.1815468213058
65000  1706.498135163508
70000  2092.571795296837
75000  2004.7977112128453
80000  2355.8860362009827
85000  2193.444691067613
90000  2213.5946895126704
95000  2455.836939373974
100000  2320.124897291745
105000  2499.2419495280546
110000  2525.2286132025433
115000  2544.290903206295
120000  2495.7102180178276
125000  2546.3634822300155
130000  2452.9750482047752
135000  2701.7940179767966
140000  2645.7202562424145
145000  2532.710290442684
150000  2701.810673077513
155000  2667.36356245281
160000  2766.329916668026
165000  2683.3832977319416
170000  2839.0348544208764
175000  2877.273971122552
180000  2838.4372461236712
185000  2879.8579074165355
190000  2893.228211546938
195000  2953.6617110359393
200000  2957.3439355304254
205000  2920.9801589301487
210000  3030.1802333091828
215000  3049.924653901429
220000  2924.1689336753893
225000  2863.015101688593
230000  2907.2147175059795
235000  3052.179395053222
240000  3063.0790897166353
245000  2855.7553908895184
250000  3207.3953614526545
255000  3135.5508742771426
260000  3156.892515908978
265000  3011.745834232911
270000  3218.6995410324257
275000  3151.9673486476945
280000  3216.3104687194073
285000  3209.295855246639
290000  3156.3042099797776
295000  3081.703794641942
300000  3162.881433978871
305000  3119.8026799662293
310000  3164.9060554833654
315000  3198.4864227799753
320000  3201.2418827419165
325000  3326.749585724031
330000  3297.4261006067964
335000  3193.164264084316
340000  3311.523941109561
345000  3277.9504513112443
350000  3349.0004010886573
355000  3281.8992197452403
360000  3290.2831665557
365000  3359.3232839576763
370000  3388.0640078803553
375000  3325.6096098949492
380000  3424.2182204552964
385000  3427.479827756494
390000  3378.4323957511792
395000  3450.2680137008147
400000  3457.790745297751
405000  3448.7378953314596
410000  3349.652096256894
415000  3366.6258650239297
420000  3272.6059601516217
425000  3442.0134896524805
430000  3360.236137483378
435000  3461.98084092966
440000  3501.145498613104
445000  3005.1384027223144
450000  1810.7945941772505
455000  460.4367275801202
460000  1863.8920201450485
465000  3151.1280115055356
470000  3426.052666354258
475000  3451.344962342675
480000  3488.470111900274
485000  3298.9305430043664
490000  3400.926289698262
495000  3421.7182466546765
500000  3421.4118611635336
505000  3442.676091330941
510000  3430.44183611037
515000  3547.1143704959213
520000  3443.4011976001666
525000  3249.49706574637
530000  3488.9932823603876
535000  3448.747527244023
540000  3540.6313727620995
545000  3509.443228324292
550000  3319.7341041861823
555000  3427.92530624299
560000  3429.129200427793
565000  3525.690404004775
570000  3513.063936892482
575000  3540.6317395957585
580000  3546.610779376213
585000  3514.762361956365
590000  3560.485076984603
595000  3565.772361325461
600000  3565.6306124915654
605000  3477.398587507362
610000  3579.512856863642
615000  3469.8651945677666
620000  3549.0166077426957
625000  3646.2936925106997
630000  3652.905823191125
635000  3510.647485141605
640000  3593.572271353034
645000  3600.3391089701436
650000  3650.7562278395503
655000  3616.2949877436854
660000  3466.2894408623274
665000  3653.74168891674
670000  3567.8262915377236
675000  3515.478636726241
680000  3595.6789695506486
685000  3634.863508094829
690000  3605.6553432093015
695000  3591.4092789116635
700000  3702.824245038211
705000  3628.4423874175277
710000  3670.8523750919003
715000  3512.965345553223
720000  3623.870729270111
725000  3591.584081825942
730000  3641.7375399767684
735000  3626.427139905606
740000  3770.612942323655
745000  3483.5847805432577
750000  3751.496559670556
755000  3598.9893666734083
760000  3685.7845410246073
765000  3584.3202880649383
770000  3708.3397172656296
775000  3689.194723288971
780000  3709.789456505884
785000  3646.6513446854974
790000  3422.988333828799
795000  3621.8356691266026
800000  3605.6340387214354
805000  3615.096052500401
810000  3480.9606154327216
815000  3717.401655046481
820000  3672.2974562350455
825000  3692.6936544428586
830000  3669.89038103439
835000  3547.1194337084476
840000  3714.5420553041718
845000  3663.2876349374774
850000  3555.432364551595
855000  3691.8736901249094
860000  3734.973404744132
865000  3642.741691894514
870000  3739.6542068533104
875000  3823.579431504407
880000  3725.9021448719786
885000  3761.2911114621143
890000  3616.990417763291
895000  3692.053533076137
900000  3734.38644602958
905000  3621.4584793582558
910000  3673.8226221221666
915000  3679.9803518726076
920000  3681.852149374902
925000  3835.700886555756
930000  3650.2497274746856
935000  3652.504778535828
940000  3587.1086631256126
945000  3625.808132371067
950000  3750.816104816508
955000  3740.9812711190543
960000  3717.20183367088
965000  3752.753135275884
970000  3818.855252210201
975000  3633.9821135821176
980000  3747.0831604295977
985000  3683.821681079013
990000  3827.3890780085067
995000  3768.880759660652
1000000  3696.0571245729116
