5000  590.3730814305366
10000  590.3729383410739
15000  296.4780885086552
20000  442.36086727693845
25000  768.2139214331266
30000  920.0778457659244
35000  784.6621262332272
40000  638.6867926532369
45000  671.449201851029
50000  954.7312256573662
55000  916.228700142617
60000  986.104275862006
65000  1089.521596055357
70000  1325.3117939555264
75000  1530.3114450492694
80000  1130.6808009194842
85000  1584.2552236655893
90000  1990.7385839468661
95000  1843.7220718715093
100000  1966.0911634404106
105000  2116.5028707589263
110000  2089.1065284692804
115000  1992.8490727667681
120000  2320.783742239109
125000  2202.1018238701495
130000  2242.0724301053215
135000  2124.061876121754
140000  2454.2903623396783
145000  2575.02909472212
150000  2309.9350191919216
155000  2596.70801106727
160000  2349.8324897749662
165000  2770.2396816417177
170000  2601.137589472118
175000  2631.070746874708
180000  2902.6204137459818
185000  2915.49632062679
190000  2995.700317119455
195000  2703.876374916901
200000  2945.6228134346798
205000  3018.2538072864763
210000  2851.930058734796
215000  2727.1605047616604
220000  3108.524856209373
225000  2964.1367334859556
230000  2897.1227305773145
235000  3131.553544852107
240000  2996.2448155426946
245000  3182.2831503731572
250000  3095.0691309015338
255000  3056.996374155098
260000  3069.910720030705
265000  3123.391693159442
270000  3071.895049962827
275000  2979.9760125857265
280000  3199.9165509113454
285000  2858.23948144385
290000  3126.9076838120404
295000  3152.553963748662
300000  3324.6631450884115
305000  3283.6234603890794
310000  3249.4660623385
315000  3204.583078573195
320000  3285.4364862693774
325000  3193.5969178041823
330000  3289.7829367006825
335000  3326.222156762821
340000  3307.0304925521
345000  3391.5632304765372
350000  3089.7206166812985
355000  3417.196930483612
360000  3165.5500766076693
365000  3282.095042810146
370000  3445.921022779089
375000  3391.951222652894
380000  3328.5523350739923
385000  3496.507319319978
390000  3372.5721749082986
395000  3252.680468867341
400000  3566.0846234396968
405000  3477.2479774283283
410000  3540.8207239618714
415000  3404.4435771895273
420000  3632.924843391002
425000  2844.902682400446
430000  3228.169997808776
435000  3227.3667255999344
440000  3561.900874359507
445000  3442.5198843902967
450000  3671.400017541747
455000  3582.9361165680457
460000  3453.090741021798
465000  3549.8565540137142
470000  3579.133395609749
475000  3546.3439461825474
480000  3450.205642205842
485000  3591.9854936067836
490000  3657.1738194833188
495000  3581.9176894246134
500000  3674.8908376912614
505000  3746.4355174000534
510000  3634.490821192901
515000  3486.0147620216107
520000  3703.961283647664
525000  3497.8934298603053
530000  3675.448909739577
535000  3751.4363820046683
540000  3414.0863218386307
545000  3679.324205421388
550000  3756.3676389871425
555000  3602.3404932581398
560000  3918.430531811224
565000  3782.296374657389
570000  3763.5032424444216
575000  3749.833638134302
580000  3606.4581832484996
585000  3801.59816093437
590000  3803.7218603211704
595000  3886.5624346737363
600000  3718.7480945743896
605000  3743.4310824231084
610000  3675.7007164444526
615000  3545.3492059931546
620000  3924.6291067441825
625000  3760.2834098569206
630000  3978.497223693982
635000  3656.9593327832904
640000  3533.7553626536246
645000  3700.4236613798166
650000  3490.7057134389734
655000  3656.847181899839
660000  3880.9150090642493
665000  3847.4514449997214
670000  3913.977335410321
675000  3885.4575234043887
680000  3854.366655272354
685000  3573.5611635627597
690000  3813.58013920811
695000  3787.549531146731
700000  3942.969897611349
705000  3900.504970808083
710000  3926.500733956357
715000  3803.8623950934257
720000  3929.8367115710876
725000  3970.093977845193
730000  3291.2366885991155
735000  3928.1758458826416
740000  3925.815219769354
745000  3697.287640756963
750000  3813.852037544366
755000  3955.3552837450734
760000  4016.106878093965
765000  4007.180414999127
770000  3852.590765206797
775000  3938.8485941339145
780000  3798.2284359500436
785000  3988.350794665124
790000  3833.1901116149006
795000  4092.852845943642
800000  4028.0968171051486
805000  3981.6020834494566
810000  3567.2574888919635
815000  3912.250354247448
820000  3964.709043338355
825000  3654.4794289356228
830000  3673.4071186789342
835000  4036.1060807496006
840000  3659.6323372263687
845000  4018.6442052200896
850000  3582.9294531046007
855000  3950.295615226513
860000  3993.6571660993372
865000  4016.776291198051
870000  3856.9432235644294
875000  4102.702722657777
880000  4010.067882480163
885000  4078.2791526033425
890000  3968.8284039365817
895000  4082.0934161891155
900000  3987.4512247150315
905000  4100.970747921981
910000  4058.2049071632973
915000  3965.995380006311
920000  4059.720321551329
925000  4121.3981768207295
930000  4069.7801745487086
935000  4065.8299140072318
940000  4076.470654184115
945000  4057.5479738796594
950000  4127.045749799245
955000  3664.014929135688
960000  4044.546956267185
965000  4065.2802738965315
970000  4014.196300145154
975000  4112.256054033692
980000  4103.547561429033
985000  4065.383728687981
990000  4082.5470660941123
995000  4099.755660258163
1000000  4142.914403259899
