5000  -14.621982556780784
10000  -14.621982556780784
15000  -195.28453665813015
20000  -267.86074041823844
25000  123.20339660904862
30000  320.094186115836
35000  772.4166947783546
40000  1273.953068853428
45000  1432.4615058926365
50000  1407.0573880021877
55000  1946.6567851093837
60000  2137.266757706126
65000  2201.3260300384227
70000  2344.8959007995063
75000  2191.2312535077463
80000  2397.579897804611
85000  2442.1420592288096
90000  2391.8228968664434
95000  2459.830512593476
100000  2614.905429090034
105000  2623.032273122294
110000  2545.8143695012304
115000  2592.2607611651706
120000  2689.0153504270793
125000  2772.0604205941554
130000  2812.548764115011
135000  2791.1482136426557
140000  2849.6104535916274
145000  2965.9774913468523
150000  2868.072231581481
155000  2962.0030436350767
160000  2956.9235153377685
165000  2799.4309315319506
170000  2941.45917069307
175000  2867.0146626228193
180000  3096.4703597798307
185000  2971.2160373382
190000  2989.0225184947603
195000  3094.7035738751106
200000  3050.0055391948777
205000  3085.398620433648
210000  3067.4694962116887
215000  3056.7717326640104
220000  3160.00290196043
225000  3200.0750349645996
230000  3162.3650635359622
235000  3098.64543742644
240000  3209.8856646025515
245000  3288.913219570191
250000  3199.706109583786
255000  3257.862176807401
260000  3190.254405983414
265000  3292.9513477990768
270000  3271.104231292786
275000  3215.6840768651755
280000  3281.7140691700056
285000  3317.326381756101
290000  3106.4021435648697
295000  3277.1403148021573
300000  3321.153875671105
305000  3274.2720963691677
310000  3202.1764626125223
315000  3290.55308174497
320000  3374.662995848058
325000  3491.80307892498
330000  3372.3625789791718
335000  3372.5311245551065
340000  3429.4848773091626
345000  3379.8963938648667
350000  3386.442968806482
355000  3342.1225273108066
360000  3531.142088823416
365000  3317.468262587293
370000  3588.22627498437
375000  3440.052798943222
380000  3591.483783587555
385000  3587.248939755837
390000  3546.4196961596813
395000  3559.8583757003594
400000  3277.989311141152
405000  3416.1322433780288
410000  3529.905272984858
415000  3583.5927871203007
420000  3584.701426787273
425000  3618.7810399595846
430000  3559.5736674562745
435000  3617.4274413089815
440000  3524.9569277004803
445000  3581.041699244721
450000  3691.8597119206484
455000  3665.5541190501594
460000  3585.342447354606
465000  3524.152105242398
470000  3541.206492897201
475000  3662.1621569213203
480000  3494.889865220847
485000  3676.25954369085
490000  3647.6629808292214
495000  3617.344819136968
500000  3689.0619606226123
505000  3753.078548636569
510000  3725.4620051296806
515000  3627.05601878425
520000  3607.839083881271
525000  3736.8244337561637
530000  3752.0990433133616
535000  3686.7130450013074
540000  3690.007052270556
545000  3684.5033777390627
550000  3738.7468312895135
555000  3611.919358499911
560000  3763.8480414584674
565000  3645.0538970960597
570000  3692.6917967655963
575000  3705.785078774648
580000  3778.065600670975
585000  3758.183714328664
590000  3643.550248053832
595000  3711.640532997495
600000  3715.0341747729844
605000  3691.0030179601563
610000  3701.653106983732
615000  3764.3029393172815
620000  3756.0185778147134
625000  3751.8880804129744
630000  3751.427764338177
635000  3742.4440482305663
640000  3723.7941331918314
645000  3738.7111400375206
650000  3706.820278150813
655000  3765.673957428461
660000  3709.307775032846
665000  3844.1716591163085
670000  3727.277769701189
675000  3835.3057284044903
680000  3847.0733739616853
685000  3756.8124921443014
690000  3762.9562853168086
695000  3718.5624520855395
700000  3816.32587943038
705000  3795.4073652836196
710000  3796.1120661078894
715000  3875.0138286742645
720000  3776.8091695249213
725000  3835.370139715101
730000  3785.5284667521273
735000  3723.732036313465
740000  3805.835043113662
745000  3853.8597857115783
750000  3748.1521040987705
755000  3865.104015645481
760000  3859.0616372118625
765000  3786.8456876843784
770000  3867.0870537161195
775000  3767.8021624273897
780000  3872.945556465728
785000  3802.710744617902
790000  3761.118198362582
795000  3809.1952846232134
800000  3784.4880387061758
805000  3857.517023973961
810000  3857.3780868168033
815000  3826.481872636371
820000  3835.0651488578055
825000  3812.1866351272897
830000  3843.4513117956617
835000  3914.0469523656816
840000  3836.06995835473
845000  3646.2146213410356
850000  3793.7265984382525
855000  3866.4615089909944
860000  3894.1328347226226
865000  3863.6778637676543
870000  3848.204311691809
875000  3809.4650862661047
880000  3849.080609433576
885000  3835.41332591859
890000  3883.511141114757
895000  3882.107920962513
900000  3908.2839731307927
905000  3899.155691390088
910000  3879.4165411635754
915000  3768.1757815561564
920000  3884.992592482625
925000  3832.8689393573504
930000  3837.8885697968094
935000  3873.8640717325966
940000  3902.266774552102
945000  3943.4069761702144
950000  3845.449363507318
955000  3812.8123385461818
960000  3867.272261220416
965000  3963.0625001549333
970000  3890.730408804985
975000  3702.8252862733984
980000  3806.478698886577
985000  3855.3336583061573
990000  3926.7379005351468
995000  3883.870026217176
1000000  3863.8033173661147
