5000  -8.073669792793423
10000  -9.366495062685456
15000  -227.08975104966748
20000  47.120778315035324
25000  378.7348040633569
30000  1012.772917691369
35000  1256.1985803798536
40000  1199.7372033561808
45000  1278.791132102363
50000  1224.6511590893963
55000  1421.8782347539259
60000  1329.1363624219184
65000  1723.3429889742445
70000  1452.5724167829098
75000  1793.4897488504043
80000  1749.2272530347666
85000  1850.9964798519286
90000  1821.294943923856
95000  1789.2245366594575
100000  1600.3906832905775
105000  1923.8197448240182
110000  1917.165457989134
115000  1810.8319420262658
120000  1849.2879262890594
125000  1820.700605002426
130000  1804.6133569533245
135000  1925.55327981875
140000  1955.6694442589458
145000  1889.2790998124456
150000  1967.5819545220943
155000  2008.6418391453637
160000  1728.6299359590812
165000  1738.8713644578397
170000  1703.4288879980093
175000  1982.0307883508244
180000  2018.7600863328585
185000  1956.7344284192593
190000  2034.2139332372287
195000  1986.7917912506073
200000  2024.82541497834
205000  2029.1180007395828
210000  1806.1708010182938
215000  1969.5222004850643
220000  1749.8965632804825
225000  1785.5068603274594
230000  1819.8605128586871
235000  2009.271019078417
240000  2046.1766414097092
245000  1523.0631061827376
250000  1750.7627498590864
255000  1720.1112175399207
260000  1791.4802330379582
265000  1741.5967575714385
270000  1770.3097815851802
275000  1490.796748930324
280000  1764.864412520114
285000  1785.3152450031812
290000  1806.7448220176138
295000  1827.3229687094395
300000  1856.3848664244179
305000  1795.629653830599
310000  1734.3518842351864
315000  1801.65416992578
320000  1827.320949818079
325000  1775.3106228416975
330000  1766.0576725712472
335000  1751.652607447723
340000  1845.6169765500508
345000  1769.838591902278
350000  1697.863317818567
355000  1833.5788700890455
360000  1769.4824743436172
365000  1960.4543749281752
370000  1794.7148437106748
375000  1813.4921125445921
380000  1844.4641909072682
385000  1810.5199910468814
390000  1776.9481101793529
395000  1785.4837394138854
400000  2022.2499367279202
405000  1992.0023754924448
410000  1764.4524358199626
415000  1774.9071330657575
420000  1808.5216208583947
425000  1614.782970023033
430000  1804.198561710145
435000  1800.4782707610334
440000  1694.094416182107
445000  1999.0546787178082
450000  1997.0824329154868
455000  2038.0651828590442
460000  2029.0735695849962
465000  1805.5222437239977
470000  2042.0881666361797
475000  1801.833774840556
480000  2057.3022756894925
485000  2034.203640260516
490000  1974.2869424266887
495000  2048.155843603708
500000  2061.3775170865683
505000  2087.657002868014
510000  2070.5384992369463
515000  2119.7114789420084
520000  2073.9889457601994
525000  1819.914529145143
530000  2082.074347474344
535000  2054.2570801874745
540000  2035.753075521979
545000  2056.915078613856
550000  2092.210090789421
555000  2095.2692365062358
560000  1856.4469739009605
565000  2067.450717355806
570000  2034.87398357702
575000  2122.533907425855
580000  2000.5580685217883
585000  2073.0384816618284
590000  2114.368345518209
595000  2062.569669548275
600000  2091.4025098082143
605000  2138.9602024987007
610000  2103.659720186695
615000  2043.6519753991524
620000  2031.6294759982102
625000  2052.610888261106
630000  2002.434881505203
635000  2111.1889735561113
640000  1798.6458009196856
645000  1986.5126272834616
650000  1877.2229535340853
655000  2055.958369064097
660000  2040.747032724538
665000  2056.8052494043213
670000  2080.427847365426
675000  2001.3256767828402
680000  2029.9857126984211
685000  2081.238561637267
690000  2065.666104107365
695000  2054.9221933321037
700000  2089.28617422449
705000  2079.5553941331927
710000  2080.591604176969
715000  2022.053375370501
720000  2135.587175129553
725000  2142.7766726985933
730000  2092.6941913794462
735000  2086.1276072581104
740000  1991.9796220675848
745000  2038.515232528011
750000  2079.871477966597
755000  2095.7878339866497
760000  2048.6843575965067
765000  2086.709225140134
770000  2068.9235288151954
775000  2050.090833806213
780000  2156.9204330606567
785000  2109.162078967871
790000  2131.698869367082
795000  2111.9579332383864
800000  2135.124181168665
805000  2081.9260871852503
810000  2064.4041627190227
815000  2212.133832745506
820000  2179.8717272329186
825000  2106.296712135964
830000  2109.550490684679
835000  1781.4199362341503
840000  2119.579310513182
845000  2133.5302932435143
850000  2160.8126322335183
855000  2184.642634342958
860000  1921.7849539310769
865000  2166.6510190831423
870000  2192.0349852406384
875000  2078.4706618433056
880000  2166.624723992426
885000  2177.132268146352
890000  2139.4038139445006
895000  2154.5194351527693
900000  2085.9111264007674
905000  2196.182691564664
910000  2171.0670731206746
915000  2172.923706204408
920000  2216.7519523083897
925000  2183.130155357557
930000  2262.859826584599
935000  2041.523004141634
940000  2239.816321176412
945000  2254.749690509426
950000  2272.5945040927304
955000  2333.0301765397926
960000  2299.909178987523
965000  2282.859809985051
970000  2277.110007797656
975000  2244.7321200984943
980000  2293.8687019052213
985000  2228.049755179481
990000  2233.4834587083865
995000  2264.634381641395
1000000  2255.7167151609606
