5000  2.7762587887558228
10000  4.189722417014587
15000  -57.50191849691886
20000  -18.895886299000686
25000  -72.52104313349972
30000  967.2543738011307
35000  1347.6837603938216
40000  1328.2368612146113
45000  1399.713231119724
50000  1371.8970643103291
55000  1440.8352949931937
60000  1513.650006842452
65000  1458.1445893707507
70000  1603.9540895596972
75000  1522.374283844456
80000  1578.21738536782
85000  1570.3611410801036
90000  1674.2920853460296
95000  1650.963592138563
100000  1694.4125995216214
105000  1799.8464943898452
110000  1750.8859188290098
115000  1835.5826573658474
120000  1841.863692083659
125000  1834.592979531455
130000  1835.2424180290684
135000  1855.5964045419066
140000  1807.5941861818796
145000  1907.1182432744688
150000  1878.4667113139617
155000  1813.6655715499357
160000  1908.2503809346313
165000  1913.3154516361471
170000  1859.4688551110023
175000  1875.4805628730314
180000  1890.616809881912
185000  1840.3783297575205
190000  1891.208420445683
195000  1874.3451139810054
200000  1831.503591072483
205000  1879.0083611613045
210000  1884.696504341461
215000  1898.6790313463946
220000  1935.302294718919
225000  1928.950216733056
230000  1847.5055492602696
235000  1909.2694783818629
240000  1915.2099874555147
245000  1808.7555349350932
250000  1913.6919486516704
255000  1958.0041845082299
260000  1932.0312725148335
265000  1930.5655053373168
270000  1948.5249294203156
275000  1908.3887078961372
280000  1910.917781182558
285000  1970.8183420018006
290000  1980.0029940918425
295000  1938.5171977949053
300000  1948.563140468797
305000  1974.3485111350576
310000  1950.0587535225761
315000  1973.6675939125794
320000  1986.4657585762143
325000  1918.1458030492315
330000  1950.2571590497823
335000  1988.469229337672
340000  2000.2212274146245
345000  1999.603589313431
350000  2002.2842549949212
355000  2007.4734046075096
360000  2002.243680601651
365000  2011.7647879369583
370000  2022.834913017538
375000  1997.5946380438752
380000  2049.0378521203693
385000  2019.3992843203614
390000  2007.0074621964327
395000  2018.9383461373204
400000  2048.493577027667
405000  2043.229408497725
410000  1958.6131860551443
415000  2012.07209848695
420000  2045.0785668491171
425000  2014.8167522471608
430000  2004.4181140804183
435000  2027.1890016931084
440000  2003.0623381019898
445000  2060.486152234719
450000  2057.448316737265
455000  2043.1012947378374
460000  2024.5725333552261
465000  2024.512631363783
470000  2083.4219132790627
475000  1969.4344013970017
480000  2036.0276934885358
485000  1943.6931673907911
490000  2048.353617863876
495000  2011.8593139831305
500000  2053.3480784928165
505000  2012.6725166584645
510000  2061.3002393072666
515000  2019.207524925494
520000  2080.3268789000244
525000  2065.0527884805574
530000  2043.988914021928
535000  2003.5990839432616
540000  2060.706931893342
545000  2048.687626471142
550000  1974.0972782847452
555000  1788.6425543196879
560000  2040.2459818019531
565000  2068.842968593942
570000  2070.2516563298204
575000  1638.8280624932127
580000  1411.9766696160784
585000  1511.6377285091778
590000  1848.5877751288267
595000  1737.3226780065675
600000  1742.1297162247156
605000  1763.6612540336118
610000  1891.8453849000125
615000  1840.80724513426
620000  1810.1779462149457
625000  1940.1631330779578
630000  1983.2362802887317
635000  1925.2055001282774
640000  1987.0286221726874
645000  1962.53187528958
650000  2023.2684920617808
655000  1990.691529383682
660000  1992.2945694970535
665000  2002.311164658572
670000  1985.5643321311695
675000  2038.4212257886581
680000  2030.4795431742755
685000  1979.9464655487816
690000  1961.5483906481647
695000  1974.8807750027972
700000  2043.7744670086074
705000  2073.402365001354
710000  2056.8191398701374
715000  2021.7072186584185
720000  2042.0992622812475
725000  1962.7378466854866
730000  2025.6389134862432
735000  2034.5639825104013
740000  2035.8315010419076
745000  2062.254192267037
750000  2083.350165944975
755000  2082.217510794345
760000  2106.854482364374
765000  2037.268304265573
770000  2028.630684506264
775000  2086.159596178367
780000  2088.578832346391
785000  2093.8197157535787
790000  2041.725198097755
795000  2093.7594407830125
800000  2077.4648439570387
805000  2005.4181190539239
810000  2056.7304265084267
815000  2062.6478377747308
820000  2090.557668645161
825000  2068.52990454464
830000  2042.8370436256264
835000  2093.7945062447184
840000  2063.535033321629
845000  2056.5601829514185
850000  2021.274662366723
855000  2053.089603714235
860000  2103.3492818870004
865000  2086.1508928982903
870000  2086.3935820981533
875000  2104.202698951716
880000  2010.844441864084
885000  2046.7056314686731
890000  2055.0639144536126
895000  2044.7836499420966
900000  2051.7442592285015
905000  2080.695919317265
910000  2085.2457243929216
915000  2090.9953340176917
920000  1997.46855678084
925000  2082.81749501601
930000  2106.207131637727
935000  2071.0636127748176
940000  2072.1636870974976
945000  2076.7726716277157
950000  2048.900516080916
955000  2125.778852010336
960000  2055.6445872425284
965000  2081.446800863348
970000  2057.4515179303353
975000  2060.0902229559115
980000  2108.123567982971
985000  2094.9510102271793
990000  2090.942639527422
995000  2067.428603312314
1000000  2056.106988923863
