5000  4.59874812520769
10000  4.59874812520769
15000  -172.17908282789125
20000  -280.3488154555613
25000  -426.3791378482341
30000  442.6203949570989
35000  706.1718048277613
40000  1013.4159379417933
45000  1175.8472361412514
50000  1263.8159703171405
55000  1397.9433082491778
60000  1513.2239444488146
65000  1322.3819093444185
70000  1464.641487552305
75000  1421.6155177145208
80000  -144.27095118436498
85000  -317.0542539581523
90000  -234.76072362991619
95000  1784.3261126820496
100000  1643.1984887132999
105000  1845.8667796977559
110000  1745.9211755042925
115000  1851.9580211224916
120000  1966.4880161334027
125000  1959.370171877253
130000  1809.8959066258662
135000  2048.639126427513
140000  2062.1449055681305
145000  2057.1559322573244
150000  2099.2262505084313
155000  2107.7571354905585
160000  2095.707234390403
165000  2125.104163807712
170000  2056.106953335405
175000  2104.810003873242
180000  2056.990195071394
185000  2151.1452271990947
190000  2173.231332418488
195000  2095.7085016272986
200000  2141.9181193501504
205000  2159.3841265681076
210000  2075.4852593129363
215000  2143.4355488741385
220000  2171.7160425003144
225000  2093.2182889387436
230000  2139.188463589682
235000  2203.7872784933816
240000  2184.94061501369
245000  2173.06660377073
250000  2195.9562395695693
255000  2168.5074587900126
260000  2147.466030748317
265000  2164.964602999988
270000  2167.686141843494
275000  2172.440136789491
280000  2208.945551646849
285000  2272.8152090858034
290000  2222.8577517531785
295000  2211.772012378776
300000  2215.043307460922
305000  2215.6186448624494
310000  2190.7763749598316
315000  2196.482958686064
320000  2162.5377071139364
325000  2231.612936022627
330000  2202.6201239087786
335000  2210.53272436328
340000  2291.6548165699846
345000  2227.113819250725
350000  2212.199204122765
355000  2236.62752106447
360000  2217.7673240685945
365000  2275.738085728476
370000  2235.240197726091
375000  2268.1094836313105
380000  2259.102557040066
385000  2305.6508403145895
390000  2263.915939303025
395000  2242.193509547824
400000  2291.454582031663
405000  2281.4016831614417
410000  2313.3522531094814
415000  2248.7490855743
420000  2268.2995689167765
425000  2315.1758375771237
430000  2239.356208093956
435000  2275.05032579683
440000  2227.384598855856
445000  2237.6521131681907
450000  2292.307774402968
455000  2281.043877444596
460000  2175.953895439442
465000  2292.4319097112093
470000  2295.759861076617
475000  2320.314096246808
480000  2231.879401710098
485000  2339.3381685664485
490000  2263.396572957561
495000  2270.861558822425
500000  2299.663487882884
505000  2323.385740440234
510000  2315.078931247077
515000  2198.6094839551906
520000  2292.848181918984
525000  2308.5398664423155
530000  2232.581171458084
535000  2311.398642915582
540000  2272.827177630321
545000  2254.6089153907233
550000  2288.769825612796
555000  2271.319520465628
560000  2330.542443926257
565000  2270.4084797916153
570000  2294.7372895895505
575000  2309.1287272227887
580000  2309.0807737072414
585000  2204.048819487776
590000  2291.16326667201
595000  2255.3808660146888
600000  2250.1511944947774
605000  2307.2835672801652
610000  2271.2958320072566
615000  2304.1816014171163
620000  2303.749125004839
625000  2325.0559270682634
630000  2311.614705161495
635000  2324.3305126379873
640000  2288.5111117470688
645000  2323.6023902310317
650000  2321.900180596449
655000  2312.2895316124163
660000  2270.5533718826837
665000  2302.0684913883606
670000  2330.913609282541
675000  2295.577453629593
680000  2315.4987680082986
685000  2299.1669136067467
690000  2374.1236484235114
695000  2341.0686317118316
700000  2293.2522943850427
705000  2349.5676872851895
710000  2317.8972579974666
715000  2297.252531199663
720000  2296.639447018748
725000  2597.767486957597
730000  2311.513412030018
735000  2328.58436416731
740000  2328.0544793491995
745000  2329.8961154496465
750000  2287.9134371886216
755000  2317.636809510819
760000  2341.924995381735
765000  2331.9510848067657
770000  2350.3582702022723
775000  2345.692652185189
780000  2318.7535210564783
785000  2365.679883142396
790000  2350.9419036582754
795000  2307.109835435304
800000  2342.596808670247
805000  2338.9850281173494
810000  2338.6685751794575
815000  2255.544265536023
820000  2300.2150820675383
825000  2364.9345012898384
830000  2372.643613994503
835000  2419.111191228893
840000  2334.2947439340173
845000  2353.076051829023
850000  2382.9442555769374
855000  2330.238867277088
860000  2157.369619692823
865000  2289.045856574926
870000  2335.8626150132086
875000  2352.067084003201
880000  2345.8705230153364
885000  2329.1651380502253
890000  2347.073310471274
895000  2331.258404174011
900000  2298.747099704201
905000  2353.9816734491073
910000  2346.59960994636
915000  2268.9520126230323
920000  2382.1328513961175
925000  2347.258587890209
930000  2325.536271287403
935000  2250.989533743806
940000  2363.951705501461
945000  2335.9437786468084
950000  2379.308694676826
955000  2313.77085968073
960000  2323.716830742372
965000  2704.460351735056
970000  2143.1916631436047
975000  2690.8183105476537
980000  2375.52878656218
985000  2268.6908001457077
990000  2366.003475073983
995000  2402.621738633186
1000000  2339.3874182624195
