5000  -5.611650393498867
10000  -2.3176347525006107
15000  -231.74481465760647
20000  -429.44529410854284
25000  78.34161552255357
30000  666.4159206191429
35000  891.5145283847256
40000  1126.1606449783606
45000  1207.0576226240103
50000  1146.5538863701936
55000  1332.9009689268132
60000  1417.9273147593456
65000  1145.732264791584
70000  -361.31195460721614
75000  1653.0663652730277
80000  415.6339266032931
85000  1496.7231511050063
90000  1648.511300779778
95000  1384.2854187035418
100000  1575.448695885017
105000  1718.1675224258222
110000  1810.145558090588
115000  1508.546272967066
120000  1643.8727443598896
125000  1169.9013487160569
130000  -504.97080855132515
135000  -575.025511063221
140000  -667.2660866379218
145000  -364.8696745805793
150000  481.1695156011755
155000  1775.4763315618318
160000  1628.297944911717
165000  1861.3129510341223
170000  1691.9506878356083
175000  1798.5812441134017
180000  1855.2360210339623
185000  2083.442920265835
190000  2128.3931240803413
195000  2149.731734111127
200000  2188.6170064303265
205000  2102.678805505102
210000  2179.888227521844
215000  2177.0990558534377
220000  2173.1544822299657
225000  2129.8008047620633
230000  2174.8055900540303
235000  1925.076128153481
240000  2042.633323630062
245000  2181.00536886395
250000  2201.6280701770356
255000  2223.098999369112
260000  2251.8340154132843
265000  2256.5913805440323
270000  2192.155709605576
275000  2255.072963166238
280000  2269.1864459086287
285000  2204.2330503919143
290000  2259.7246798451297
295000  2265.641252843746
300000  2029.763615172738
305000  2339.3968753581603
310000  2303.132245992401
315000  2324.6494318746227
320000  2074.5122029055688
325000  2022.250141013867
330000  2025.9191966498943
335000  2303.732143555675
340000  2335.4351491819793
345000  2284.798932756815
350000  2325.682796515169
355000  2335.4047240111663
360000  2275.1417090927525
365000  2297.1275052802803
370000  2358.237753947223
375000  2261.462679185239
380000  2339.8375189539083
385000  2320.367456114809
390000  2032.404530362745
395000  2331.3181218391724
400000  1976.7639955970985
405000  2369.8890813852545
410000  2310.3820423857455
415000  2282.1875842370146
420000  2351.4976635428748
425000  2324.4838007732687
430000  2359.5629089329227
435000  2316.226254764381
440000  2316.9453870682614
445000  2320.756463303918
450000  2314.9041003018947
455000  2358.6403440531476
460000  2340.311902454618
465000  2209.4213966500515
470000  2290.309234677369
475000  2371.2315634512383
480000  2097.3229123768383
485000  2106.243781727845
490000  2304.843691489792
495000  2352.0036624671548
500000  2206.0247282119053
505000  2345.262025949167
510000  2255.4192719367966
515000  2328.3521915054034
520000  2353.9880774108506
525000  2266.659573516898
530000  2191.2312599979323
535000  2381.8391231371315
540000  2105.0059106445206
545000  2002.326567245746
550000  2400.0660799249495
555000  2374.2901202976727
560000  2352.9873371055355
565000  2335.4662307477456
570000  2090.4426479004956
575000  2362.996132646819
580000  2388.020297881417
585000  2361.5207852712256
590000  2402.633369444981
595000  2344.205115852181
600000  2351.569187470645
605000  2400.8490665992927
610000  2363.1378980409945
615000  2327.074688970117
620000  2268.159978115498
625000  2404.874635406528
630000  2386.3243523141855
635000  2421.5899756042127
640000  2413.981871611871
645000  2389.400536005996
650000  2320.298675759198
655000  2372.2734910126674
660000  2397.5967121112226
665000  2395.2946485112507
670000  2392.2743194795985
675000  2434.906231067919
680000  2385.820393732946
685000  2424.0564384454365
690000  2426.4565584447037
695000  2378.233982555723
700000  2437.44720170635
705000  2421.930646409825
710000  2430.6617430964
715000  2407.145519829831
720000  2471.5812129129254
725000  2427.5468102511563
730000  2414.804800694911
735000  2143.6200413095626
740000  2432.9810060464015
745000  2322.40376535787
750000  2453.2863822762133
755000  2414.9364915035826
760000  2479.873423821528
765000  2468.091155092587
770000  2415.409899562646
775000  2445.6046913671084
780000  2424.1232283527493
785000  2290.4341279350074
790000  2439.814989332678
795000  2425.6502632239453
800000  2402.2059366743338
805000  2457.8575914056155
810000  2462.455802203094
815000  2473.3739045884076
820000  2430.975397020581
825000  2479.916259755116
830000  2436.1274623485897
835000  2451.1203810900274
840000  2485.561139080596
845000  2493.2612393539107
850000  2476.9708767949724
855000  2448.8060097628736
860000  2472.8464774575923
865000  2482.9124399929146
870000  2484.8038987676755
875000  2451.1062062919764
880000  2456.4127657863874
885000  2504.7502434439016
890000  2423.936788085175
895000  2435.0987701397817
900000  2481.8139887678617
905000  2435.368008605636
910000  2492.4076165231168
915000  2457.563920468791
920000  2482.3617762409403
925000  2479.253548191341
930000  2520.7028543142424
935000  2520.7166814755637
940000  2485.227804238245
945000  2470.940746638929
950000  2475.1223363220106
955000  2473.5759274329243
960000  2270.9071769297248
965000  2468.563313755111
970000  2486.6121899754476
975000  2479.391572762295
980000  2469.260025743301
985000  2468.2674726640357
990000  2414.39091525387
995000  2470.0058180390265
1000000  2461.722843547642
