5000  -1145327.6761466628
10000  -1145327.6761466628
15000  -424159.51180140127
20000  -424159.51180140127
25000  -424159.51180140127
30000  -424159.51180140127
35000  -424159.51180140127
40000  -424159.51180140127
45000  -424159.51180140127
50000  -424159.51180140127
55000  -424159.51180140127
60000  -424159.51180140127
65000  -424159.51180140127
70000  -424159.51180140127
75000  -424159.51180140127
80000  -424159.51180140127
85000  -424159.51180140127
90000  -424159.51180140127
95000  -424159.51180140127
100000  -424159.51180140127
105000  -424159.51180140127
110000  -424159.51180140127
115000  -424159.51180140127
120000  -424159.51180140127
125000  -424159.51180140127
130000  -424159.51180140127
135000  -424159.51180140127
140000  -424159.51180140127
145000  -424159.51180140127
150000  -424159.51180140127
155000  -424159.51180140127
160000  -424159.51180140127
165000  -424159.51180140127
170000  -424159.51180140127
175000  -424159.51180140127
180000  -424159.51180140127
185000  -424159.51180140127
190000  -424159.51180140127
195000  -424159.51180140127
200000  -424159.51180140127
205000  -424159.51180140127
210000  -424159.51180140127
215000  -424159.51180140127
220000  -424159.51180140127
225000  -424159.51180140127
230000  -424159.51180140127
235000  -424159.51180140127
240000  -424159.51180140127
245000  -424159.51180140127
250000  -424159.51180140127
255000  -424159.51180140127
260000  -424159.51180140127
265000  -424159.51180140127
270000  -424159.51180140127
275000  -424159.51180140127
280000  -424159.51180140127
285000  -424159.51180140127
290000  -424159.51180140127
295000  -424159.51180140127
300000  -424159.51180140127
305000  -424159.51180140127
310000  -424159.51180140127
315000  -424159.51180140127
320000  -424159.51180140127
325000  -424159.51180140127
330000  -424159.51180140127
335000  -424159.51180140127
340000  -424159.51180140127
345000  -424159.51180140127
350000  -424159.51180140127
355000  -424159.51180140127
360000  -424159.51180140127
365000  -424159.51180140127
370000  -424159.51180140127
375000  -424159.51180140127
380000  -424159.51180140127
385000  -424159.51180140127
390000  -424159.51180140127
395000  -424159.51180140127
400000  -424159.51180140127
405000  -424159.51180140127
410000  -424159.51180140127
415000  -424159.51180140127
420000  -424159.51180140127
425000  -424159.51180140127
430000  -424159.51180140127
435000  -424159.51180140127
440000  -424159.51180140127
445000  -424159.51180140127
450000  -424159.51180140127
455000  -424159.51180140127
460000  -424159.51180140127
465000  -424159.51180140127
470000  -424159.51180140127
475000  -424159.51180140127
480000  -424159.51180140127
485000  -424159.51180140127
490000  -424159.51180140127
495000  -424159.51180140127
500000  -424159.51180140127
505000  -424159.51180140127
510000  -424159.51180140127
515000  -424159.51180140127
520000  -424159.51180140127
525000  -424159.51180140127
530000  -424159.51180140127
535000  -424159.51180140127
540000  -424159.51180140127
545000  -424159.51180140127
550000  -424159.51180140127
555000  -424159.51180140127
560000  -424159.51180140127
565000  -424159.51180140127
570000  -424159.51180140127
575000  -424159.51180140127
580000  -424159.51180140127
585000  -424159.51180140127
590000  -424159.51180140127
595000  -424159.51180140127
600000  -424159.51180140127
605000  -424159.51180140127
610000  -424159.51180140127
615000  -424159.51180140127
620000  -424159.51180140127
625000  -424159.51180140127
630000  -424159.51180140127
635000  -424159.51180140127
640000  -424159.51180140127
645000  -424159.51180140127
650000  -424159.51180140127
655000  -424159.51180140127
660000  -424159.51180140127
665000  -424159.51180140127
670000  -424159.51180140127
675000  -424159.51180140127
680000  -424159.51180140127
685000  -424159.51180140127
690000  -424159.51180140127
695000  -424159.51180140127
700000  -424159.51180140127
705000  -424159.51180140127
710000  -424159.51180140127
715000  -424159.51180140127
720000  -424159.51180140127
725000  -424159.51180140127
730000  -424159.51180140127
735000  -424159.51180140127
740000  -424159.51180140127
745000  -424159.51180140127
750000  -424159.51180140127
755000  -424159.51180140127
760000  -424159.51180140127
765000  -424159.51180140127
770000  -424159.51180140127
775000  -424159.51180140127
780000  -424159.51180140127
785000  -424159.51180140127
790000  -424159.51180140127
795000  -424159.51180140127
800000  -424159.51180140127
805000  -424159.51180140127
810000  -424159.51180140127
815000  -424159.51180140127
820000  -424159.51180140127
825000  -424159.51180140127
830000  -424159.51180140127
835000  -424159.51180140127
840000  -424159.51180140127
845000  -424159.51180140127
850000  -424159.51180140127
855000  -424159.51180140127
860000  -424159.51180140127
865000  -424159.51180140127
870000  -424159.51180140127
875000  -424159.51180140127
880000  -424159.51180140127
885000  -424159.51180140127
890000  -424159.51180140127
895000  -424159.51180140127
900000  -424159.51180140127
905000  -424159.51180140127
910000  -424159.51180140127
915000  -424159.51180140127
920000  -424159.51180140127
925000  -424159.51180140127
930000  -424159.51180140127
935000  -424159.51180140127
940000  -424159.51180140127
945000  -424159.51180140127
950000  -424159.51180140127
955000  -424159.51180140127
960000  -424159.51180140127
965000  -424159.51180140127
970000  -424159.51180140127
975000  -424159.51180140127
980000  -424159.51180140127
985000  -424159.51180140127
990000  -424159.51180140127
995000  -424159.51180140127
1000000  -424159.51180140127
