5000  -3909126.7049716166
10000  -3909126.7049716166
15000  -424156.46773361426
20000  -424156.46773361426
25000  -424156.46773361426
30000  -424156.46773361426
35000  -424156.46773361426
40000  -424156.46773361426
45000  -424156.46773361426
50000  -424156.46773361426
55000  -424156.46773361426
60000  -424156.46773361426
65000  -424156.46773361426
70000  -363570.0013211673
75000  -363571.36985398305
80000  -363571.5227001833
85000  -363571.53979139234
90000  -369628.4841527777
95000  -363571.5605199522
100000  -363570.9592722184
105000  -363571.1474451077
110000  -363570.4492627253
115000  -363571.39029055566
120000  -363570.7992515347
125000  -363573.06054228515
130000  -363572.0353306891
135000  -363569.8989854787
140000  -363569.8163172133
145000  -363571.09690816875
150000  -363570.1100814495
155000  -363570.2000449587
160000  -363570.8402059646
165000  -363571.38386845036
170000  -363571.9945797514
175000  -363571.9117709746
180000  -363572.03034606704
185000  -363571.96119455347
190000  -363572.4843352766
195000  -363573.1402733451
200000  -363573.2276824255
205000  -363573.29521072586
210000  -363573.2848029018
215000  -363573.23678332835
220000  -363573.21351618954
225000  -363573.14489397383
230000  -363573.1762473335
235000  -363573.07060569583
240000  -363573.0833247633
245000  -363573.03510954865
250000  -363573.0862499966
255000  -363573.22799125424
260000  -363573.19442843844
265000  -363573.33003023535
270000  -363573.12573739595
275000  -363570.47050466435
280000  -363572.031433485
285000  -363571.96654727904
290000  -363571.56454283133
295000  -363572.2846309267
300000  -363571.0191450666
305000  -363570.6961213335
310000  -363570.11591211165
315000  -363570.9098359838
320000  -363569.61228076334
325000  -363571.0385398153
330000  -363570.09501926386
335000  -363571.2646502964
340000  -363570.20580873505
345000  -363570.3053858362
350000  -363570.3617455902
355000  -363570.52000079124
360000  -363571.02675708255
365000  -363571.1092931348
370000  -363571.14183813246
375000  -363571.1671606825
380000  -363570.03592243505
385000  -363570.4327315595
390000  -363570.45863255026
395000  -363571.2693603802
400000  -363570.50574955245
405000  -363571.30700416164
410000  -363571.4711891419
415000  -363570.0908961779
420000  -363571.81426001526
425000  -363572.2170299188
430000  -363572.5114430775
435000  -363573.13219318603
440000  -363570.44227528694
445000  -363569.9187529176
450000  -363571.72159470106
455000  -363570.84872925736
460000  -363570.68528607715
465000  -363571.46715790295
470000  -363571.5351155911
475000  -363570.91678910493
480000  -363570.6691995101
485000  -363570.5233787288
490000  -363570.0890515158
495000  -363570.5261832314
500000  -363569.8294453045
505000  -363570.00701734645
510000  -363570.43356758717
515000  -363570.62669757335
520000  -363570.41713265894
525000  -363571.2558433747
530000  -363571.53818901733
535000  -363571.78392287146
540000  -363571.74297586916
545000  -363571.21316405
550000  -363569.4705360207
555000  -363571.4420855918
560000  -363571.2716240074
565000  -363571.8113408602
570000  -363571.1514122073
575000  -363571.63078983256
580000  -363571.4464277274
585000  -363571.52653524117
590000  -363571.47296902
595000  -363571.4122009264
600000  -363569.8596690516
605000  -363569.9074630801
610000  -363571.85162141913
615000  -363570.7877984594
620000  -363569.66541286
625000  -363571.76794521493
630000  -363571.4298572635
635000  -363569.2425248305
640000  -363569.4289850093
645000  -363569.43511327927
650000  -363569.5855865535
655000  -363571.9378166995
660000  -363570.080777682
665000  -363570.8408327786
670000  -363572.38064799726
675000  -363570.35411041457
680000  -363571.718190332
685000  -363570.6242436934
690000  -363570.62428222736
695000  -363570.78166261583
700000  -363569.9770727821
705000  -363570.9866957564
710000  -363570.50493486837
715000  -363570.24019845953
720000  -363570.61389011994
725000  -363570.5141268434
730000  -363570.48675633373
735000  -363570.2117097074
740000  -363570.68586863816
745000  -363570.3055901987
750000  -363570.1127560717
755000  -363569.76614015875
760000  -363572.013245589
765000  -363571.8551263814
770000  -363571.8325219617
775000  -363571.9636591224
780000  -363571.5800032817
785000  -363570.93845736375
790000  -363568.8929890556
795000  -363570.96517657524
800000  -363571.6291263489
805000  -363572.6772033142
810000  -363571.82124706625
815000  -363570.7131849264
820000  -363570.0119815699
825000  -363569.04783999606
830000  -363571.80350144225
835000  -363572.6763561872
840000  -363572.5233337251
845000  -363572.96835768025
850000  -363571.7356195128
855000  -363571.88145959575
860000  -363572.0432276351
865000  -363572.73774727713
870000  -363572.00210323295
875000  -363571.64425865485
880000  -363572.1172598781
885000  -363571.5748407361
890000  -363573.1592107151
895000  -363572.05831085047
900000  -363571.74949803884
905000  -363572.6333806227
910000  -363572.1314880407
915000  -363572.5751541574
920000  -363571.5170568045
925000  -363572.17835954786
930000  -363571.84727583977
935000  -363571.65653640835
940000  -363571.8638902174
945000  -363572.4184805101
950000  -363572.2036319532
955000  -363572.1124864618
960000  -363572.6994583679
965000  -363571.95064222405
970000  -363572.0061369037
975000  -363571.9062666421
980000  -363571.97698372684
985000  -363572.9841065096
990000  -363571.9754643981
995000  -363572.5287101619
1000000  -363572.16381241585
