5000  -3909126.7049716166
10000  -3909126.7049716166
15000  -369628.5759378072
20000  -369628.5759378072
25000  -369628.5759378072
30000  -369628.5759378072
35000  -369628.5759378072
40000  -369628.5759378072
45000  -369628.5759378072
50000  -369628.5759378072
55000  -369628.5759378072
60000  -369628.5759378072
65000  -369628.5759378072
70000  -369628.5759378072
75000  -369628.5759378072
80000  -381749.0060575141
85000  -381749.94137990696
90000  -381752.00031077105
95000  -369629.4709796846
100000  -369628.5759378072
105000  -369628.5759378072
110000  -369628.5759378072
115000  -369628.5759378072
120000  -369628.5759378072
125000  -369628.5759378072
130000  -369628.5759378072
135000  -369628.5759378072
140000  -369628.5759378072
145000  -375689.3874304622
150000  -369628.5759378072
155000  -369628.5759378072
160000  -369628.5759378072
165000  -369628.5759378072
170000  -369628.5759378072
175000  -369628.5759378072
180000  -369629.4709796846
185000  -369630.4063020774
190000  -369630.4063020774
195000  -375691.4463613262
200000  -375691.4463613262
205000  -369629.5112602
210000  -369630.4063020774
215000  -369632.46523294144
220000  -369630.819726111
225000  -369632.46523294144
230000  -381751.1139522406
235000  -369629.5112602
240000  -369633.43607614806
245000  -381751.1139522406
250000  -375692.4172045328
255000  -381751.1139522406
260000  -375692.4172045328
265000  -381751.1139522406
270000  -381751.1139522406
275000  -381751.1139522406
280000  -375692.4172045328
285000  -381751.1139522406
290000  -381751.1139522406
295000  -381751.1139522406
300000  -381751.1139522406
305000  -375692.1328238559
310000  -375692.1328238559
315000  -381751.1139522406
320000  -381751.1139522406
325000  -369633.43607614806
330000  -375692.1328238559
335000  -369632.54103427066
340000  -375692.1328238559
345000  -369632.54103427066
350000  -381751.1139522406
355000  -381752.00031077105
360000  -381752.00031077105
365000  -381752.00031077105
370000  -381752.00031077105
375000  -381752.90813164867
380000  -381752.90813164867
385000  -381752.90813164867
390000  -381753.84025742766
395000  -381753.84025742766
400000  -381753.84025742766
405000  -381753.84025742766
410000  -381753.84025742766
415000  -381752.94521555025
420000  -381753.84025742766
425000  -381753.84025742766
430000  -381753.84025742766
435000  -381753.84025742766
440000  -381753.84025742766
445000  -381753.84025742766
450000  -381753.84025742766
455000  -381753.84025742766
460000  -381753.90435711166
465000  -381753.90435711166
470000  -381753.84025742766
475000  -381753.84025742766
480000  -381753.84025742766
485000  -381753.84025742766
490000  -381753.90435711166
495000  -381753.90435711166
500000  -381753.84025742766
505000  -381753.84025742766
510000  -381753.90435711166
515000  -381753.84025742766
520000  -381754.4429761209
525000  -381753.84025742766
530000  -381754.5070758049
535000  -381753.84025742766
540000  -381753.84025742766
545000  -381753.84025742766
550000  -381753.84025742766
555000  -381753.90435711166
560000  -381753.90435711166
565000  -381755.0872865294
570000  -381753.90435711166
575000  -381753.84025742766
580000  -381753.84025742766
585000  -381753.90435711166
590000  -381753.84025742766
595000  -381753.84025742766
600000  -381753.84025742766
605000  -381754.4204681521
610000  -381753.84025742766
615000  -381753.84025742766
620000  -381753.84025742766
625000  -381753.84025742766
630000  -381753.90435711166
635000  -381753.84025742766
640000  -381753.84025742766
645000  -381753.84025742766
650000  -381753.84025742766
655000  -381753.84025742766
660000  -381753.84025742766
665000  -381753.84025742766
670000  -381753.90435711166
675000  -381753.90435711166
680000  -381753.90435711166
685000  -381753.90435711166
690000  -381753.84025742766
695000  -381753.84025742766
700000  -381753.90435711166
705000  -381753.84025742766
710000  -381753.90435711166
715000  -381753.90435711166
720000  -381753.90435711166
725000  -381753.84025742766
730000  -381753.84025742766
735000  -381753.84025742766
740000  -381753.90435711166
745000  -381753.90435711166
750000  -381753.84025742766
755000  -381753.90435711166
760000  -381753.84025742766
765000  -381753.84025742766
770000  -381753.90435711166
775000  -381753.84025742766
780000  -381751.6637654217
785000  -381753.84025742766
790000  -381753.90435711166
795000  -381753.90435711166
800000  -381753.90435711166
805000  -381753.90435711166
810000  -381753.90435711166
815000  -381753.90435711166
820000  -381753.84025742766
825000  -381753.84025742766
830000  -381753.90435711166
835000  -381753.90435711166
840000  -381753.90435711166
845000  -381753.90435711166
850000  -381753.90435711166
855000  -381753.90435711166
860000  -381753.90435711166
865000  -381753.90435711166
870000  -381753.90435711166
875000  -381753.90435711166
880000  -381752.59589120065
885000  -381753.90435711166
890000  -381753.90435711166
895000  -381753.90435711166
900000  -381753.90435711166
905000  -381753.84025742766
910000  -381753.9674709241
915000  -381753.90435711166
920000  -381753.9674709241
925000  -381753.90435711166
930000  -381753.90435711166
935000  -381753.90435711166
940000  -381753.90435711166
945000  -381753.84025742766
950000  -381753.90435711166
955000  -381753.9674709241
960000  -381753.90435711166
965000  -381753.90435711166
970000  -381753.90435711166
975000  -381753.90435711166
980000  -381753.90435711166
985000  -381753.90435711166
990000  -381753.84025742766
995000  -381753.90435711166
1000000  -381753.90435711166
