5000  -1139285.435791983
10000  -1139285.435791983
15000  -424159.6762249636
20000  -424159.6654760723
25000  -424159.65832369187
30000  -424159.6762249636
35000  -424159.6686062772
40000  -424159.6762249636
45000  -424159.6762249636
50000  -424159.6762249636
55000  -424159.6762249636
60000  -424159.6762249636
65000  -424159.6531092481
70000  -424159.668583438
75000  -424159.67768166645
80000  -424159.6762249636
85000  -424159.6762249636
90000  -424159.6759145771
95000  -424159.6762249636
100000  -424159.6762249636
105000  -424159.67308574135
110000  -424159.67306803295
115000  -424159.66695147904
120000  -424159.68098011817
125000  -424159.6666451149
130000  -424159.66334803996
135000  -424159.6762249636
140000  -424159.6762249636
145000  -424159.6762249636
150000  -424159.6546150645
155000  -424159.6762249636
160000  -424159.6666451149
165000  -424159.6674529219
170000  -424159.6563737937
175000  -424159.6700146842
180000  -424159.6635331831
185000  -424159.65483370924
190000  -424159.65744553774
195000  -424159.56214595895
200000  -424159.5802903677
205000  -424159.67828475323
210000  -424159.6679134569
215000  -424159.60550783714
220000  -424159.6453949878
225000  -424159.56749421277
230000  -424159.68318732583
235000  -424159.6762249636
240000  -424159.65502422414
245000  -424159.56526455877
250000  -424159.6565022607
255000  -424159.68189768057
260000  -424159.56930853194
265000  -424159.6759145771
270000  -424159.66917655413
275000  -424159.57946353575
280000  -424159.66333256895
285000  -424159.6755158185
290000  -424159.5711566738
295000  -424159.67288359615
300000  -424159.4988066758
305000  -424159.6610606717
310000  -424159.6582247297
315000  -424159.6768182653
320000  -424159.5649212734
325000  -424159.0598400567
330000  -424159.58483074204
335000  -424159.37028422236
340000  -424159.5663647706
345000  -424159.56688541884
350000  -424159.1140357054
355000  -424159.096571364
360000  -424159.0949354572
365000  -424159.3240120245
370000  -424159.6716023053
375000  -424159.33756287245
380000  -424159.10195845907
385000  -424159.0986371034
390000  -424159.66564167914
395000  -424159.67408769
400000  -424159.577463256
405000  -424159.4370528486
410000  -424159.55028509937
415000  -424159.10775087716
420000  -424159.2880254333
425000  -424159.55205495545
430000  -424159.40820481983
435000  -424159.0988957961
440000  -424159.0978283818
445000  -424159.10058816697
450000  -424159.0985504418
455000  -424159.0965547922
460000  -424159.11539784214
465000  -424159.38993725495
470000  -424159.1041662581
475000  -424159.11919421266
480000  -424159.6631793027
485000  -424159.43095177057
490000  -424159.6631793027
495000  -424159.10389183107
500000  -424159.0960670047
505000  -424159.11539784214
510000  -424159.09651893156
515000  -424159.09754975373
520000  -424159.21409388445
525000  -424159.68641921674
530000  -424159.6642864649
535000  -424159.11191338964
540000  -424159.5338774413
545000  -424159.11539784214
550000  -424159.5306386767
555000  -424159.5513154605
560000  -424159.0984195971
565000  -424159.09921099374
570000  -424159.1104407536
575000  -424159.0991288234
580000  -424159.1154424208
585000  -424159.11519136577
590000  -424159.4371438433
595000  -424159.0984195971
600000  -424159.1118718813
605000  -424159.1187928179
610000  -424159.1621275734
615000  -424159.0965547922
620000  -424159.1035895812
625000  -424159.10398419603
630000  -424159.1113946455
635000  -424159.11919421266
640000  -424159.11634082487
645000  -424159.1702286165
650000  -424159.45241443685
655000  -424159.44469794584
660000  -424159.44550881383
665000  -424159.12318750506
670000  -424159.0978283818
675000  -424159.11362357036
680000  -424159.09827687405
685000  -424159.09689426207
690000  -424159.1139444473
695000  -424159.1009926416
700000  -424159.09689426207
705000  -424159.0978283818
710000  -424159.10272769537
715000  -424159.09748891194
720000  -424159.1152241294
725000  -424159.10572792153
730000  -424159.11031268566
735000  -424159.11121994536
740000  -424159.09860050183
745000  -424159.16200587404
750000  -424159.10272769537
755000  -424159.10349958605
760000  -424159.10993315664
765000  -424159.11634082487
770000  -424159.1038390559
775000  -424159.67010071425
780000  -424159.10245933355
785000  -424159.11747352674
790000  -424159.11859156395
795000  -424159.11108647485
800000  -424159.12764611683
805000  -424159.09604873165
810000  -424159.09901798924
815000  -424159.10461105575
820000  -424159.09689426207
825000  -424159.1145196197
830000  -424159.09689426207
835000  -424159.10825742607
840000  -424159.10465647577
845000  -424159.1032145939
850000  -424159.11253749457
855000  -424159.0978283818
860000  -424159.09860050183
865000  -424159.1102129843
870000  -424159.2213407388
875000  -424159.09860050183
880000  -424159.1050038538
885000  -424159.1148874032
890000  -424159.09733703965
895000  -424159.09699580586
900000  -424159.10308219737
905000  -424159.11634082487
910000  -424159.1126755403
915000  -424159.11280832003
920000  -424159.1055242653
925000  -424159.10678683844
930000  -424159.11066086113
935000  -424159.1079764273
940000  -424159.1190638505
945000  -424159.11322996207
950000  -424159.21721632296
955000  -424159.1156285467
960000  -424159.11066086113
965000  -424159.11066086113
970000  -424159.10156434606
975000  -424159.0992310729
980000  -424159.10166012915
985000  -424159.1112491737
990000  -424159.1140357054
995000  -424159.11066086113
1000000  -424159.11919420847
