5000  -1593644.1610275265
10000  -1593644.1610275265
15000  -424159.01728316897
20000  -424159.01728316897
25000  -424159.01728316897
30000  -424159.01728316897
35000  -424159.01728316897
40000  -424159.01728316897
45000  -424159.01728316897
50000  -424159.01728316897
55000  -424159.01728316897
60000  -424159.01728316897
65000  -424159.01728316897
70000  -424159.01728316897
75000  -424159.01728316897
80000  -424159.01728316897
85000  -424159.01728316897
90000  -424159.01728316897
95000  -424159.01728316897
100000  -424159.01728316897
105000  -424159.01728316897
110000  -424159.01728316897
115000  -424159.01728316897
120000  -424159.01728316897
125000  -424159.01728316897
130000  -424159.01728316897
135000  -424159.01728316897
140000  -424159.01728316897
145000  -424159.01728316897
150000  -424159.01728316897
155000  -424159.01728316897
160000  -424159.01728316897
165000  -424159.01728316897
170000  -424159.01728316897
175000  -424159.01728316897
180000  -424159.01728316897
185000  -424159.01728316897
190000  -424159.01728316897
195000  -424159.01728316897
200000  -424159.01728316897
205000  -424159.01728316897
210000  -424159.01728316897
215000  -424159.01728316897
220000  -424159.01728316897
225000  -424159.01728316897
230000  -424159.01728316897
235000  -424159.01728316897
240000  -424159.01728316897
245000  -424159.01728316897
250000  -424159.01728316897
255000  -424159.01728316897
260000  -424159.01728316897
265000  -424159.01728316897
270000  -424159.01728316897
275000  -424159.01728316897
280000  -424159.01728316897
285000  -424159.01728316897
290000  -424159.01728316897
295000  -424159.01728316897
300000  -424159.01728316897
305000  -424159.01728316897
310000  -424159.01728316897
315000  -424159.01728316897
320000  -424159.01728316897
325000  -424159.01728316897
330000  -424159.01728316897
335000  -424159.01728316897
340000  -424159.01728316897
345000  -424159.01728316897
350000  -424159.01728316897
355000  -424159.01728316897
360000  -424159.01728316897
365000  -424159.01728316897
370000  -424159.01728316897
375000  -424159.01728316897
380000  -424159.01728316897
385000  -424159.01728316897
390000  -424159.01728316897
395000  -424159.01728316897
400000  -424159.01728316897
405000  -424159.01728316897
410000  -424159.01728316897
415000  -424159.01728316897
420000  -424159.01728316897
425000  -424159.01728316897
430000  -424159.01728316897
435000  -424159.01728316897
440000  -424159.01728316897
445000  -424159.01728316897
450000  -424159.01728316897
455000  -424159.01728316897
460000  -424159.01728316897
465000  -424159.01728316897
470000  -424159.01728316897
475000  -424159.01728316897
480000  -424159.01728316897
485000  -424159.01728316897
490000  -424159.01728316897
495000  -424159.01728316897
500000  -424159.01728316897
505000  -424159.01728316897
510000  -424159.01728316897
515000  -424159.01728316897
520000  -424159.01728316897
525000  -424159.01728316897
530000  -424159.01728316897
535000  -424159.01728316897
540000  -424159.01728316897
545000  -424159.01728316897
550000  -424159.01728316897
555000  -424159.01728316897
560000  -424159.01728316897
565000  -424159.01728316897
570000  -424159.01728316897
575000  -424159.01728316897
580000  -424159.01728316897
585000  -424159.01728316897
590000  -424159.01728316897
595000  -424159.01728316897
600000  -424159.01728316897
605000  -424159.01728316897
610000  -424159.01728316897
615000  -424159.01728316897
620000  -424159.01728316897
625000  -424159.01728316897
630000  -424159.01728316897
635000  -424159.01728316897
640000  -424159.01728316897
645000  -424159.01728316897
650000  -424159.01728316897
655000  -424159.01728316897
660000  -424159.01728316897
665000  -424159.01728316897
670000  -424159.01728316897
675000  -424159.01728316897
680000  -424159.01728316897
685000  -424159.01728316897
690000  -424159.01728316897
695000  -424159.01728316897
700000  -424159.01728316897
705000  -424159.01728316897
710000  -424159.01728316897
715000  -424159.01728316897
720000  -424159.01728316897
725000  -424159.01728316897
730000  -424159.01728316897
735000  -424159.01728316897
740000  -424159.01728316897
745000  -424159.01728316897
750000  -424159.01728316897
755000  -424159.01728316897
760000  -424159.01728316897
765000  -424159.01728316897
770000  -424159.01728316897
775000  -424159.01728316897
780000  -424159.01728316897
785000  -424159.01728316897
790000  -424159.01728316897
795000  -424159.01728316897
800000  -424159.01728316897
805000  -424159.01728316897
810000  -424159.01728316897
815000  -424159.01728316897
820000  -424159.01728316897
825000  -424159.01728316897
830000  -424159.01728316897
835000  -424159.01728316897
840000  -424159.01728316897
845000  -424159.01728316897
850000  -424159.01728316897
855000  -424159.01728316897
860000  -424159.01728316897
865000  -424159.01728316897
870000  -424159.01728316897
875000  -424159.01728316897
880000  -424159.01728316897
885000  -424159.01728316897
890000  -424159.01728316897
895000  -424159.01728316897
900000  -424159.01728316897
905000  -424159.01728316897
910000  -424159.01728316897
915000  -424159.01728316897
920000  -424159.01728316897
925000  -424159.01728316897
930000  -424159.01728316897
935000  -424159.01728316897
940000  -424159.01728316897
945000  -424159.01728316897
950000  -424159.01728316897
955000  -424159.01728316897
960000  -424159.01728316897
965000  -424159.01728316897
970000  -424159.01728316897
975000  -424159.01728316897
980000  -424159.01728316897
985000  -424159.01728316897
990000  -424159.01728316897
995000  -424159.01728316897
1000000  -424159.01728316897
