5000  38.11858192856961
10000  38.11858192856961
15000  73.24947290597386
20000  113.30210421475746
25000  119.67234604001165
30000  157.8575062296058
35000  277.55989312231804
40000  414.0999376819517
45000  1566.4033654926827
50000  369.36970853786147
55000  1808.9198587870228
60000  1585.85610857581
65000  1992.443558690363
70000  2014.9259910617875
75000  2083.3613137577336
80000  2353.5683530392826
85000  2274.794787035655
90000  2442.1084144557717
95000  2463.8412899606687
100000  2417.959224659163
105000  2083.5251701641805
110000  2375.6545542665976
115000  2323.299540395111
120000  2460.6574822946086
125000  2345.6050867982385
130000  2492.326199419877
135000  2366.2319587782745
140000  1897.271490108825
145000  2357.752016666429
150000  2219.674686327732
155000  2401.345247518585
160000  2186.609972170148
165000  2264.185383081447
170000  2433.819893459644
175000  2374.2444123334435
180000  2436.5581353739976
185000  2293.626118031534
190000  1981.9575330668572
195000  2329.0971646746443
200000  2488.892713747721
205000  1915.1661877051915
210000  2393.126545096979
215000  2270.4289531395584
220000  2396.6174156855545
225000  2279.0138802122756
230000  1665.9493478120198
235000  2326.9117342840314
240000  2159.1456059650895
245000  2272.4528120647124
250000  2278.1882936875836
255000  2427.1169802519516
260000  2185.1371788216184
265000  827.7250106485078
270000  2355.1222464312677
275000  2437.409278514121
280000  779.6204751816533
285000  2380.6777835103367
290000  2458.8251315290463
295000  1716.7803600348343
300000  2363.46741364207
305000  2563.437790841143
310000  1189.7951659252974
315000  2440.140561620213
320000  2532.6709568895594
325000  2401.6873208439533
330000  2434.785967706373
335000  2247.3061796170505
340000  2368.140426288504
345000  2518.1924448148648
350000  2397.3932846895705
355000  2022.0585303322605
360000  2023.5969366854945
365000  2367.992491156442
370000  2401.8905776383845
375000  2550.0930676145463
380000  2396.552512481437
385000  2158.6114216483043
390000  2493.1482367841772
395000  2240.5461068269046
400000  2143.5531089789774
405000  2378.9789886615
410000  2354.0477154546766
415000  2117.1790184255233
420000  2419.433366996077
425000  2350.2649876288333
430000  2453.8367297058767
435000  2358.103908920325
440000  2277.1731450112156
445000  1973.14168051784
450000  2383.2840399404627
455000  2266.9058324772727
460000  2314.2886380170467
465000  2351.1632656404145
470000  2438.651915738951
475000  2257.8504704646493
480000  2201.4476050099206
485000  2264.5777363050133
490000  2291.145324134102
495000  2061.0204612458856
500000  2071.1322182842523
505000  1222.8220183604362
510000  2400.6414150390033
515000  2388.3533041615437
520000  2380.6950616582426
525000  2432.997992221608
530000  2374.1071051276176
535000  2338.8554380771357
540000  2431.777044790444
545000  2085.6984741088268
550000  2498.620712956452
555000  2400.6054974462795
560000  2308.803559275297
565000  2199.4200504839455
570000  2382.4518425706915
575000  2217.876690744189
580000  2019.2037234994616
585000  2319.6908834387914
590000  1884.8000985387382
595000  2346.26152648092
600000  2381.9693754272585
605000  2035.3637595514156
610000  2260.1873509831366
615000  2245.3101533032814
620000  26.468808593519487
625000  2268.266276648422
630000  2632.4634240050063
635000  2260.9244100016635
640000  2292.7148313524112
645000  2403.556585556994
650000  2366.883093697542
655000  2259.6823630358977
660000  2518.4397009071427
665000  2290.494050641058
670000  2527.957017900455
675000  1149.3315513652349
680000  2352.6635416824347
685000  2428.5731136378035
690000  856.6673169937037
695000  1608.1309559439649
700000  458.1201422246878
705000  2299.918247975388
710000  2145.509634881867
715000  2290.4316676190556
720000  2393.1401882195278
725000  2380.794700402991
730000  2619.9108191704563
735000  2507.9359390064533
740000  1838.319316565081
745000  2372.2827085995523
750000  2294.7782215861344
755000  2375.764926959348
760000  2441.7130674689206
765000  2462.048308956075
770000  2479.8794833023035
775000  2434.118963026245
780000  2392.4587714731897
785000  2485.2524759465687
790000  2529.5125557081897
795000  2124.6714612100122
800000  2498.8116601774586
805000  2408.5829036819587
810000  2464.350735611252
815000  2449.829021514637
820000  2526.7512443379214
825000  2332.420612808163
830000  2226.988567664466
835000  2409.6061991638794
840000  2416.0213585533324
845000  2219.5571644709826
850000  2257.963947343974
855000  2476.1724585095476
860000  2325.642169566538
865000  2639.429275924253
870000  2508.813822475183
875000  2335.805449290375
880000  2600.628765919223
885000  2516.238875726994
890000  2494.5131067157936
895000  2573.3249200872838
900000  2406.2905482951383
905000  2471.056086046363
910000  2515.137184657247
915000  2602.522877989154
920000  2490.287571058137
925000  2468.269486756982
930000  2378.353298896175
935000  2607.5881174559145
940000  2527.5369333000176
945000  2448.5558960495687
950000  2528.441300632553
955000  2468.3679406658584
960000  2447.7774944003327
965000  2515.8245041766163
970000  1805.7395574126954
975000  2477.1696861572427
980000  2502.524045363065
985000  2407.1817303880084
990000  2362.923547104518
995000  2529.4858336461
1000000  2438.622331517322
