5000  44.556370738021755
10000  44.556370738021755
15000  80.37959853390691
20000  139.54859580664217
25000  180.55283227307538
30000  446.7801047470747
35000  1147.2210846570727
40000  1007.7024285344426
45000  581.9357922120925
50000  637.2761920037376
55000  1966.6509187446413
60000  1739.95334267357
65000  2027.9137354067643
70000  1996.8282183544416
75000  299.81805970481344
80000  1943.220873296487
85000  1906.3193574590136
90000  1910.3782735397785
95000  2039.8956574726938
100000  2029.8982590354597
105000  1935.3129502201002
110000  2108.3942775972596
115000  2229.0808995850866
120000  1382.948341157044
125000  2269.890734071674
130000  2302.6816828493106
135000  2120.3104537617687
140000  2250.9969203801966
145000  2194.8491287146503
150000  2184.394588277958
155000  2226.454157790359
160000  2205.9557117118743
165000  2200.4067269701463
170000  2197.75775092358
175000  2186.9492120287096
180000  2302.008975894607
185000  2248.925922837903
190000  1554.872004315183
195000  1883.7590617089786
200000  1809.9847661580814
205000  2158.3730383277584
210000  425.9842819428862
215000  708.7145052047737
220000  2014.8882851850217
225000  2206.3708952146453
230000  1728.1099222593202
235000  2380.0528437910625
240000  913.2682337638341
245000  1206.7940418914707
250000  1562.3198940319035
255000  1672.5232938523254
260000  1222.0541821214606
265000  1855.5212666780415
270000  2224.600674270363
275000  1369.8538113423942
280000  721.8377831475268
285000  1786.228902259943
290000  2012.0668988947825
295000  2231.549046554819
300000  2374.6775955666367
305000  2272.971319322073
310000  2459.8659339730566
315000  2390.5931809269455
320000  1796.267941213952
325000  2298.5906993920435
330000  2252.9278156461564
335000  2313.6055075707955
340000  2013.6451761446813
345000  2314.437656159991
350000  2311.3614150720214
355000  2333.3009324415934
360000  2347.584952331189
365000  2425.3272276568227
370000  2052.1224123396228
375000  2386.855160604062
380000  2407.971991261043
385000  2389.5974709680386
390000  2404.634383994604
395000  2352.938131682115
400000  1819.6079733369563
405000  2414.377563897854
410000  2274.1083202815894
415000  2414.3683158192216
420000  2349.9830629800304
425000  2424.570906157855
430000  2385.7767676220783
435000  2309.2003955411487
440000  1679.0017097875152
445000  2468.842932110737
450000  1973.5561178273965
455000  2431.3467869925644
460000  2476.728406456051
465000  2287.302408823738
470000  2248.167897297076
475000  2353.9810185031915
480000  2298.8084234388166
485000  2041.4698528379777
490000  2394.9345005142395
495000  2235.3280866376163
500000  2426.809683561567
505000  2452.6244206618894
510000  2319.462893536847
515000  1978.8639644255993
520000  2323.2048920168995
525000  2289.4448563084434
530000  2344.5504451372467
535000  2253.7009098353
540000  2074.049832653226
545000  2274.2631012070515
550000  2430.7330119335393
555000  2463.4574014955288
560000  2278.662372876311
565000  2411.0308643261187
570000  2319.9637947617257
575000  2351.656078428863
580000  2394.218871477809
585000  2305.071852442271
590000  2466.716087181614
595000  2373.5595879816806
600000  2395.0561393902713
605000  2479.0638226617257
610000  2337.130619903859
615000  2440.851669998264
620000  2368.447634669822
625000  2342.202322671178
630000  2381.231214837774
635000  2326.9254715425122
640000  2384.0307745761825
645000  2125.3925828436377
650000  2389.9729385036767
655000  2364.315317016577
660000  2310.002151736399
665000  2478.265212477518
670000  2394.6613068057245
675000  2300.2219656427033
680000  2402.756931851843
685000  2416.258101289516
690000  2423.573854404425
695000  2318.29819915202
700000  2415.70229964607
705000  2202.5181414687204
710000  2152.3408126551485
715000  2386.0846642330603
720000  2274.302388677528
725000  2299.497250713147
730000  2279.552436744879
735000  2463.8513474829683
740000  2464.4375080040563
745000  2303.7667781870314
750000  2424.041955275323
755000  2405.2815463175025
760000  2393.9573658621457
765000  2363.4844326888415
770000  2393.1463968975086
775000  2302.2810795490063
780000  2327.8412124574725
785000  2360.359042862233
790000  2331.785461779594
795000  2351.6651282631187
800000  2312.0182202513156
805000  2336.1210196133206
810000  2242.6249089137823
815000  904.3681891632037
820000  2409.7123894394686
825000  2411.800652899824
830000  2337.4582827218387
835000  2294.777844835163
840000  785.679813306477
845000  2229.8595090736108
850000  2353.988194915561
855000  2344.7074686900696
860000  2494.0747062672904
865000  2410.9364512433613
870000  2401.5076996140588
875000  2302.1853643865647
880000  2313.3722592607273
885000  2402.864276831537
890000  2381.6328656776836
895000  2164.4724080102087
900000  2340.2347389855845
905000  2475.104981474908
910000  2538.831258429912
915000  2370.420828618572
920000  2340.089250673192
925000  2422.6443102052954
930000  2370.8901283556565
935000  2393.6252930379887
940000  2440.9621832339267
945000  2297.1808775199593
950000  2406.624135712381
955000  2422.509395538569
960000  2351.9294997415
965000  2411.372710268418
970000  2468.2032147054088
975000  2398.703796192561
980000  2323.941454081519
985000  2389.9712819192696
990000  1966.5311947771565
995000  2419.3196113319286
1000000  2395.4393432578954
