5000  58.08471248257727
10000  58.08471248257727
15000  59.01466104184671
20000  87.6351411742123
25000  127.05010189386152
30000  127.26217910272854
35000  144.98743300416058
40000  149.73372382346966
45000  166.2767710929502
50000  548.5042896318188
55000  175.38136323886528
60000  972.2552361485059
65000  1720.244467098303
70000  330.97175287631563
75000  299.95755117115345
80000  1046.296942718309
85000  114.04338264455598
90000  469.55039520228377
95000  858.4901552412687
100000  2437.2434028232037
105000  963.7345393303249
110000  1515.6185073187692
115000  2317.895545961262
120000  1095.5130220380704
125000  1210.6039417385934
130000  532.5148985689817
135000  2109.7766193367097
140000  2146.4454719114547
145000  2266.302320457007
150000  2281.88250645809
155000  1719.2154757191238
160000  2509.892568430606
165000  1711.0924654720432
170000  1743.2145537788765
175000  1849.1819492752456
180000  433.26671644896567
185000  1955.380173737483
190000  2431.5034396656292
195000  2042.8584394301222
200000  1336.9012369209363
205000  2411.394252725708
210000  2410.1844126152655
215000  2156.023263243545
220000  2393.9031091478378
225000  2454.344252759781
230000  887.258745464884
235000  2456.9645716708105
240000  2424.1636710164903
245000  2418.1055236833236
250000  2247.6199067382495
255000  2542.0454312320926
260000  2379.9979633961552
265000  2331.7044693830694
270000  2468.084302140216
275000  2459.3054743893426
280000  1748.155342450497
285000  2561.341336165605
290000  2422.517728510406
295000  2366.790446884751
300000  2392.1021794973976
305000  2417.213447563038
310000  1800.480824448651
315000  2497.2606958337265
320000  2453.8744756699098
325000  490.81049856479524
330000  2474.3957794856738
335000  2493.500748944229
340000  1621.6833006220472
345000  2352.412820416059
350000  2458.908939569043
355000  1453.3616083830093
360000  1933.0547163673168
365000  2636.307991352801
370000  2401.23345221216
375000  2260.2070740827853
380000  2358.9062084914126
385000  2107.1093234602145
390000  2550.5568246423622
395000  2497.6268871890447
400000  2581.8785273173903
405000  2563.8642164552607
410000  2251.653342891773
415000  2600.2638083819334
420000  2363.1016841695423
425000  2494.7625750664847
430000  2502.7721073379553
435000  2644.3788701261174
440000  2520.9431513187455
445000  2622.5895635930356
450000  2500.738404964111
455000  2577.018862312871
460000  2591.28170451254
465000  2532.179229690142
470000  2121.3371377940575
475000  2649.626448528011
480000  2637.619380438698
485000  1573.023693587485
490000  2522.139769442464
495000  2559.695207686075
500000  1325.2708179690758
505000  1728.117170838213
510000  2243.5004934142917
515000  2561.5510238088896
520000  1929.5414192460162
525000  2631.872868488943
530000  2474.1035897932707
535000  2633.235861912858
540000  2622.0821393454735
545000  2523.062296106772
550000  2585.7803881622863
555000  2603.068695197099
560000  2579.7250547134963
565000  2535.090181130253
570000  2205.937895434091
575000  2407.8793304398996
580000  2579.6592176915674
585000  2546.0032176259565
590000  2572.467852349713
595000  2540.4678992315407
600000  2380.7959645017086
605000  1889.2379626241213
610000  2579.9351479365305
615000  2538.0051352878486
620000  2644.616149434353
625000  2645.8644627404638
630000  2639.0619513881547
635000  2621.041455218364
640000  2654.6415159922644
645000  2559.0875494378406
650000  2524.145878136321
655000  2508.415735168878
660000  2299.8030299487045
665000  2595.858298629692
670000  2516.6812772803887
675000  2643.7317064128906
680000  2678.7173895364904
685000  2673.4990841360254
690000  2561.463697016743
695000  2548.95995294152
700000  1198.1038736922733
705000  2454.903413964411
710000  2630.774337783253
715000  2359.788626423216
720000  2610.748668214761
725000  2688.6808580615043
730000  2665.3290487633185
735000  2727.4854353146097
740000  2592.4936389033933
745000  2340.2480679946666
750000  2631.767617097583
755000  2670.768677749531
760000  2605.9118159813197
765000  2686.1039005401817
770000  2562.9139417350957
775000  2626.4949750310907
780000  2492.952395264602
785000  2773.8668501109983
790000  2659.5540216161935
795000  2722.39366623721
800000  2639.4108335472133
805000  2551.543097805028
810000  2581.469153678654
815000  2691.393784574435
820000  2668.8590296534594
825000  2499.843682189755
830000  2468.694347868269
835000  2479.8100323320105
840000  1438.533547773271
845000  2480.065142193279
850000  2774.627968566456
855000  2664.4822342890393
860000  2682.335006488237
865000  2564.6442193286102
870000  2695.0677032747817
875000  2632.529580846899
880000  2634.0296939856103
885000  2638.5695487751855
890000  2479.6236842686835
895000  2561.55175676738
900000  2584.5303768138647
905000  2600.0827822923575
910000  2480.008980277789
915000  2602.425617179745
920000  2725.928897333952
925000  2683.9163101553286
930000  2776.681469713644
935000  2175.793381678095
940000  2795.9983588392815
945000  2641.210685177313
950000  2647.911054511068
955000  2648.952736714791
960000  2579.554918148321
965000  2603.1885344659304
970000  2550.0031345809534
975000  2624.6726440733573
980000  2579.2902078737197
985000  2491.3539009684496
990000  1771.690054177169
995000  2363.2399828611697
1000000  2694.411960570834
