5000  29.406556677094784
10000  29.406556677094784
15000  63.189197451408155
20000  117.01475628913867
25000  114.61902317090914
30000  546.9049593907689
35000  233.70771208383718
40000  161.63807565891108
45000  1150.4066402433855
50000  546.6849030328175
55000  860.0072878343428
60000  1789.0823917394016
65000  1381.709142027603
70000  952.4003400391533
75000  960.240666328387
80000  904.3546399579058
85000  2104.2185661848675
90000  2300.9644536926603
95000  2184.0283337414953
100000  2383.891326201784
105000  2438.0750278444457
110000  2352.5070753882096
115000  1797.830333325092
120000  573.1095917512131
125000  1612.939037913934
130000  1772.4405035637385
135000  2244.1185500627207
140000  1328.7468754071792
145000  2352.3881755821085
150000  1862.2298747971017
155000  1657.2839179838163
160000  2345.075486845978
165000  2442.138796812857
170000  2403.1072664293424
175000  2357.6224940653988
180000  2366.0248549821476
185000  1957.3958146295874
190000  2389.997332746236
195000  2428.813470154147
200000  2424.3281782512763
205000  2315.9110488622987
210000  2489.2462505231515
215000  268.89290849384395
220000  2422.0554935890896
225000  2432.883942088788
230000  2479.549529621187
235000  2465.765356786279
240000  2500.635649851161
245000  2449.6862966676663
250000  2422.5321006783097
255000  2401.161711073428
260000  2376.97743187885
265000  2261.397679120345
270000  1495.482170875789
275000  2423.374458701024
280000  1446.527497712445
285000  2326.0504805876235
290000  2451.990360153255
295000  2426.2040571550356
300000  2346.6355273394465
305000  2316.7147559333966
310000  2415.2760712898494
315000  2336.1644227109573
320000  2041.0814521998855
325000  2371.473704582504
330000  2421.2350918696707
335000  2462.6340880243406
340000  2459.5869979662534
345000  2493.6312102831735
350000  2460.1359253145397
355000  2422.86892623726
360000  2018.4003745680136
365000  2020.855675044529
370000  2387.2902030874143
375000  2541.2684024637974
380000  2457.91434580151
385000  2393.9850642866736
390000  2506.7317189781024
395000  2330.317207591267
400000  2256.7322169254653
405000  2451.998859407674
410000  2441.7056354383385
415000  2494.6171928658373
420000  2444.0919909967297
425000  2303.422884469495
430000  2471.477961656228
435000  2408.3684051293085
440000  2378.751930630479
445000  2340.22405940483
450000  2502.5718735278015
455000  2370.6668602651575
460000  2412.907066617492
465000  2476.4597541863036
470000  2472.996382163032
475000  2456.6438888940493
480000  2517.9966237254826
485000  2454.7542248857017
490000  2347.3414081042
495000  2526.5336418273246
500000  2516.621724812983
505000  2375.919925530634
510000  2397.5604847283253
515000  2424.5686473931446
520000  2482.2107164857935
525000  2607.327871474342
530000  2492.068013848812
535000  2580.2577852725276
540000  2526.1472279905374
545000  2504.32743306489
550000  2330.4041151331685
555000  2464.5099461045056
560000  2485.221849897031
565000  2384.8378249059124
570000  2469.263333648469
575000  2557.630211243771
580000  2445.9849663910745
585000  2489.1920250926023
590000  2494.15594435002
595000  2468.204171937879
600000  2554.147878956268
605000  2521.5045203322993
610000  2578.276195640939
615000  2441.665252053889
620000  2469.2982853840854
625000  2448.0966961825193
630000  2351.5122966978515
635000  2406.04897092656
640000  2485.6971192714263
645000  2446.0046918873527
650000  2489.574210432839
655000  2537.3720768737066
660000  2538.5826709371745
665000  2356.975028354938
670000  2376.48532448224
675000  2544.922193650234
680000  2454.6421298729574
685000  2391.7048740121686
690000  2627.143890919131
695000  2607.7890420336853
700000  2485.3155201263507
705000  2467.4080364523825
710000  2598.8489093615253
715000  2411.698582519321
720000  2610.3648263765117
725000  2554.5841007624026
730000  2449.6995848797405
735000  2423.8558798297972
740000  2412.3202450609947
745000  2401.1984448420635
750000  2569.35698895932
755000  2432.0394086481347
760000  2470.4555649178596
765000  2552.0641143826183
770000  2540.4573027625825
775000  2419.737109588462
780000  2551.5297397066834
785000  2705.2874237973238
790000  2603.826024873958
795000  2431.192641942272
800000  2630.7729924923433
805000  2536.3415118833145
810000  2565.8008288265655
815000  2504.8360564628665
820000  2543.6086730826064
825000  2467.730921179339
830000  2519.745874269854
835000  2604.747442827572
840000  2488.870200747495
845000  2590.191353019152
850000  2510.234773830823
855000  2590.5991548419042
860000  2553.2515000098747
865000  2471.7251690823823
870000  2520.52119903122
875000  2485.266099042829
880000  2551.6994972703246
885000  2456.43607952969
890000  2583.5561471632595
895000  2510.958619814475
900000  2436.9219553809935
905000  2610.20120678892
910000  2434.005281601286
915000  2357.9151859130293
920000  2492.390420656773
925000  2472.8994972359274
930000  2354.013033937831
935000  2629.168323455382
940000  2557.8293400510893
945000  2604.743221544671
950000  2534.638973548257
955000  2583.2333848918597
960000  2416.995954642032
965000  2422.696466410208
970000  2472.5110307990135
975000  2497.7354804288047
980000  2366.0861094284983
985000  2471.8754174548285
990000  2561.8527837388438
995000  2358.3575448192487
1000000  2470.3099689771398
