5000  -1266425.7605580185
10000  -1266425.7605580185
15000  -424157.63154069026
20000  -424157.63154069026
25000  -424157.63154069026
30000  -424157.63154069026
35000  -424157.63154069026
40000  -424157.63154069026
45000  -424157.63154069026
50000  -424157.63154069026
55000  -424157.63154069026
60000  -424157.63154069026
65000  -424157.63154069026
70000  -424157.63154069026
75000  -424157.63154069026
80000  -424157.63154069026
85000  -424157.63154069026
90000  -424157.63154069026
95000  -424157.63154069026
100000  -424157.63154069026
105000  -424157.63154069026
110000  -424157.63154069026
115000  -424157.63154069026
120000  -424157.63154069026
125000  -424157.63154069026
130000  -424157.63154069026
135000  -424157.63154069026
140000  -424157.63154069026
145000  -424157.63154069026
150000  -424157.63154069026
155000  -424157.63154069026
160000  -424157.63154069026
165000  -424157.63154069026
170000  -424157.63154069026
175000  -424157.63154069026
180000  -424157.63154069026
185000  -424157.63154069026
190000  -424157.63154069026
195000  -424157.63154069026
200000  -424157.63154069026
205000  -424157.63154069026
210000  -424157.63154069026
215000  -424157.63154069026
220000  -424157.63154069026
225000  -424157.63154069026
230000  -424157.63154069026
235000  -424157.63154069026
240000  -424157.63154069026
245000  -424157.63154069026
250000  -424157.63154069026
255000  -424157.63154069026
260000  -424157.63154069026
265000  -424157.63154069026
270000  -424157.63154069026
275000  -424157.63154069026
280000  -424157.63154069026
285000  -424157.63154069026
290000  -424157.63154069026
295000  -424157.63154069026
300000  -424157.63154069026
305000  -424157.63154069026
310000  -424157.63154069026
315000  -424157.63154069026
320000  -424157.63154069026
325000  -424157.63154069026
330000  -424157.63154069026
335000  -424157.63154069026
340000  -424157.63154069026
345000  -424157.63154069026
350000  -424157.63154069026
355000  -424157.63154069026
360000  -424157.63154069026
365000  -424157.63154069026
370000  -424157.63154069026
375000  -424157.63154069026
380000  -424157.63154069026
385000  -424157.63154069026
390000  -424157.63154069026
395000  -424157.63154069026
400000  -424157.63154069026
405000  -424157.63154069026
410000  -424157.63154069026
415000  -424157.63154069026
420000  -424157.63154069026
425000  -424157.63154069026
430000  -424157.63154069026
435000  -424157.63154069026
440000  -424157.63154069026
445000  -424157.63154069026
450000  -424157.63154069026
455000  -424157.63154069026
460000  -424157.63154069026
465000  -424157.63154069026
470000  -424157.63154069026
475000  -424157.63154069026
480000  -424157.63154069026
485000  -424157.63154069026
490000  -424157.63154069026
495000  -424157.63154069026
500000  -424157.63154069026
505000  -424157.63154069026
510000  -424157.63154069026
515000  -424157.63154069026
520000  -424157.63154069026
525000  -424157.63154069026
530000  -424157.63154069026
535000  -424157.63154069026
540000  -424157.63154069026
545000  -424157.63154069026
550000  -424157.63154069026
555000  -424157.63154069026
560000  -424157.63154069026
565000  -424157.63154069026
570000  -424157.63154069026
575000  -424157.63154069026
580000  -424157.63154069026
585000  -424157.63154069026
590000  -424157.63154069026
595000  -424157.63154069026
600000  -424157.63154069026
605000  -424157.63154069026
610000  -424157.63154069026
615000  -424157.63154069026
620000  -424157.63154069026
625000  -424157.63154069026
630000  -424157.63154069026
635000  -424157.63154069026
640000  -424157.63154069026
645000  -424157.63154069026
650000  -424157.63154069026
655000  -424157.63154069026
660000  -424157.63154069026
665000  -424157.63154069026
670000  -424157.63154069026
675000  -424157.63154069026
680000  -424157.63154069026
685000  -424157.63154069026
690000  -424157.63154069026
695000  -424157.63154069026
700000  -424157.63154069026
705000  -424157.63154069026
710000  -424157.63154069026
715000  -424157.63154069026
720000  -424157.63154069026
725000  -424157.63154069026
730000  -424157.63154069026
735000  -424157.63154069026
740000  -424157.63154069026
745000  -424157.63154069026
750000  -424157.63154069026
755000  -424157.63154069026
760000  -424157.63154069026
765000  -424157.63154069026
770000  -424157.63154069026
775000  -424157.63154069026
780000  -424157.63154069026
785000  -424157.63154069026
790000  -424157.63154069026
795000  -424157.63154069026
800000  -424157.63154069026
805000  -424157.63154069026
810000  -424157.63154069026
815000  -424157.63154069026
820000  -424157.63154069026
825000  -424157.63154069026
830000  -424157.63154069026
835000  -424157.63154069026
840000  -424157.63154069026
845000  -424157.63154069026
850000  -424157.63154069026
855000  -424157.63154069026
860000  -424157.63154069026
865000  -424157.63154069026
870000  -424157.63154069026
875000  -424157.63154069026
880000  -424157.63154069026
885000  -424157.63154069026
890000  -424157.63154069026
895000  -424157.63154069026
900000  -424157.63154069026
905000  -424157.63154069026
910000  -424157.63154069026
915000  -424157.63154069026
920000  -424157.63154069026
925000  -424157.63154069026
930000  -424157.63154069026
935000  -424157.63154069026
940000  -424157.63154069026
945000  -424157.63154069026
950000  -424157.63154069026
955000  -424157.63154069026
960000  -424157.63154069026
965000  -424157.63154069026
970000  -424157.63154069026
975000  -424157.63154069026
980000  -424157.63154069026
985000  -424157.63154069026
990000  -424157.63154069026
995000  -424157.63154069026
1000000  -424157.63154069026
