5000  -1.152734209466726
10000  -1.152734209466726
15000  -1.1563312970963306
20000  -1.1615546380868182
25000  -1.1536983509885614
30000  -1.155210797111504
35000  -1.1553684389754197
40000  -1.1538543454231696
45000  -1.1535698416666127
50000  -1.154613108895719
55000  -1.1556515757751185
60000  -1.1527112311794192
65000  -1.1525964044977446
70000  -1.1526350507198369
75000  -1.1529001281771343
80000  -1.1529126834555063
85000  -1.1529108704876854
90000  -1.1538464012765328
95000  -1.154247518084012
100000  -1.1559419475647155
105000  -1.1532517561235
110000  -1.1539970138738866
115000  -1.1547100204788148
120000  -1.156153294420801
125000  -1.1553597763110885
130000  -1.153717986217234
135000  -1.1555529639218003
140000  -1.1559822926321066
145000  -1.154903936344199
150000  -1.1599794113170356
155000  -1.15334385690745
160000  -1.1551260751555674
165000  -1.1556440982315692
170000  -1.1560908602084967
175000  -1.159292980208993
180000  -1.1586524426424876
185000  -1.1582218581391497
190000  -1.1591254816344008
195000  -1.1581602647900582
200000  -1.1565119275683537
205000  -1.1620556463487446
210000  -1.1571792777231895
215000  -1.1581960083637388
220000  -1.1574549887515604
225000  -1.159409410553053
230000  -1.1581665170378985
235000  -1.1565826884005221
240000  -1.1566259829606864
245000  -1.156819031839259
250000  -1.1563731938065032
255000  -1.1573801721516068
260000  -1.1557306633656848
265000  -1.1614464711118493
270000  -1.1548969586915336
275000  -1.1567389641981574
280000  -1.156194104310125
285000  -1.154364949199371
290000  -1.154824888710864
295000  -1.1568057356402277
300000  -1.155505682583898
305000  -1.1558893876569347
310000  -1.1555461852438749
315000  -1.156044144011103
320000  -1.1548470457573423
325000  -1.1550356457475575
330000  -1.1540323243895547
335000  -1.1582678055111322
340000  -1.1551564417406919
345000  -1.1544848540611565
350000  -1.1579295191634444
355000  -1.1573801966325847
360000  -1.157551570702344
365000  -1.1571762741426939
370000  -1.1539124645316041
375000  -1.1585881606210022
380000  -1.1552728040050717
385000  -1.1549629024113528
390000  -1.153588026679354
395000  -1.154016776178032
400000  -1.1541878863004968
405000  -1.1526228718785572
410000  -1.1527226343774237
415000  -1.1534799092798493
420000  -1.1529458162328228
425000  -1.1514973134943283
430000  -1.152690208342392
435000  -1.1523699692450464
440000  -1.1559076525643466
445000  -1.1536003972124307
450000  -1.1526492353389037
455000  -1.1546539708739147
460000  -1.1534416681120638
465000  -1.1520540054724553
470000  -1.152715278664837
475000  -1.1527681462175678
480000  -1.1535634487867354
485000  -1.1536236972454936
490000  -1.1518279816466384
495000  -1.1527774806541855
500000  -1.151264456328936
505000  -1.1516310532356147
510000  -1.1531139912898651
515000  -1.1524913845257834
520000  -1.1537009536707772
525000  -1.1526229922252242
530000  -1.1533337667072192
535000  -1.1530173246352933
540000  -1.1521656411071308
545000  -1.1522670747246593
550000  -1.1522312754404265
555000  -1.151797620286234
560000  -1.1523986205784604
565000  -1.1511497912870254
570000  -1.1513195726287087
575000  -1.1519473422964803
580000  -1.1528815379715527
585000  -1.1528935973270564
590000  -1.1523812021152118
595000  -1.1517218042805326
600000  -1.1514714415138585
605000  -1.1519425710884388
610000  -1.1517628232971766
615000  -1.152243648110889
620000  -1.152508935863152
625000  -1.1525644021993506
630000  -1.1509148201684003
635000  -1.1519069988717092
640000  -1.1517963293846696
645000  -1.1537487123976462
650000  -1.1512196131539532
655000  -1.1517802533181385
660000  -1.152514738666359
665000  -1.1516497187840287
670000  -1.1509940494794866
675000  -1.1520457634772174
680000  -1.1520314351387786
685000  -1.1509862724645064
690000  -1.1513308605167552
695000  -1.1517808861029333
700000  -1.151198535981821
705000  -1.1507145795819815
710000  -1.1515220150188543
715000  -1.1511010653933045
720000  -1.1510968930390661
725000  -1.151224275577988
730000  -1.1511752094392436
735000  -1.1523863551730755
740000  -1.1512017788900994
745000  -1.1513456035673157
750000  -1.1518683290295304
755000  -1.1509603925183185
760000  -1.1512248419801472
765000  -1.1508634000213354
770000  -1.1514744545740543
775000  -1.1511384454520885
780000  -1.1503427469075542
785000  -1.1507716492639157
790000  -1.1516735176788644
795000  -1.1512178454373498
800000  -1.1513653344241903
805000  -1.1508805865288014
810000  -1.1513354422792328
815000  -1.1517351756640708
820000  -1.1512718851579122
825000  -1.1507354629793554
830000  -1.1511236654623647
835000  -1.1507939570455348
840000  -1.151844625614467
845000  -1.1509299741956056
850000  -1.1508853172848466
855000  -1.1527307545021177
860000  -1.1513621268025598
865000  -1.1512061905028534
870000  -1.1518358504900241
875000  -1.1510579285939457
880000  -1.1513263589655978
885000  -1.1507503341394478
890000  -1.1509076601057313
895000  -1.150882123185147
900000  -1.1511434975778685
905000  -1.1518427336425519
910000  -1.1510895554546734
915000  -1.1511995910684345
920000  -1.1509170627209824
925000  -1.1508486916191758
930000  -1.1509077012306077
935000  -1.1511923753941666
940000  -1.151610136614763
945000  -1.1521384300547655
950000  -1.150727310689981
955000  -1.1515031925903165
960000  -1.1514413321125903
965000  -1.1509096882617453
970000  -1.1513204186572694
975000  -1.1505858497481678
980000  -1.152162893122295
985000  -1.15155543216737
990000  -1.1513553111755757
995000  -1.1509427708154547
1000000  -1.1513560581719502
