5000  1829.9999999998622
10000  1829.9999999998622
15000  1829.9999999998622
20000  1829.9999999998622
25000  1829.9999999998622
30000  1829.9999999998622
35000  1829.9999999998622
40000  1829.9999999998622
45000  1829.9999999998622
50000  1829.9999999998622
55000  1829.9999999998622
60000  1829.9999999998622
65000  1829.9999999998622
70000  1829.9999999998622
75000  1829.9999999998622
80000  1829.9999999998622
85000  1829.9999999998622
90000  1829.9999999998622
95000  1829.9999999998622
100000  1829.9999999998622
105000  1829.9999999998622
110000  1829.9999999998622
115000  1829.9999999998622
120000  1829.9999999998622
125000  1829.9999999998622
130000  1829.9999999998622
135000  1829.9999999998622
140000  1829.9999999998622
145000  1829.9999999998622
150000  1829.9999999998622
155000  1829.9999999998622
160000  1829.9999999998622
165000  1829.9999999998622
170000  1829.9999999998622
175000  1829.9999999998622
180000  1829.9999999998622
185000  1829.9999999998622
190000  1829.9999999998622
195000  1829.9999999998622
200000  1829.9999999998622
205000  1829.9999999998622
210000  1829.9999999998622
215000  1829.9999999998622
220000  1829.9999999998622
225000  1829.9999999998622
230000  1829.9999999998622
235000  1829.9999999998622
240000  1829.9999999998622
245000  1829.9999999998622
250000  1829.9999999998622
255000  1829.9999999998622
260000  1829.9999999998622
265000  1829.9999999998622
270000  1829.9999999998622
275000  1829.9999999998622
280000  1829.9999999998622
285000  1829.9999999998622
290000  1829.9999999998622
295000  1829.9999999998622
300000  1829.9999999998622
305000  1829.9999999998622
310000  1829.9999999998622
315000  1829.9999999998622
320000  1829.9999999998622
325000  1829.9999999998622
330000  1829.9999999998622
335000  1829.9999999998622
340000  1829.9999999998622
345000  1829.9999999998622
350000  1829.9999999998622
355000  1829.9999999998622
360000  1829.9999999998622
365000  1829.9999999998622
370000  1829.9999999998622
375000  1829.9999999998622
380000  1829.9999999998622
385000  1829.9999999998622
390000  1829.9999999998622
395000  1829.9999999998622
400000  1829.9999999998622
405000  1829.9999999998622
410000  1829.9999999998622
415000  1829.9999999998622
420000  1829.9999999998622
425000  1829.9999999998622
430000  1829.9999999998622
435000  1829.9999999998622
440000  1829.9999999998622
445000  1829.9999999998622
450000  1829.9999999998622
455000  1829.9999999998622
460000  1829.9999999998622
465000  1829.9999999998622
470000  1829.9999999998622
475000  1829.9999999998622
480000  1829.9999999998622
485000  1829.9999999998622
490000  1829.9999999998622
495000  1829.9999999998622
500000  1829.9999999998622
505000  1829.9999999998622
510000  1829.9999999998622
515000  1829.9999999998622
520000  1829.9999999998622
525000  1829.9999999998622
530000  1829.9999999998622
535000  1829.9999999998622
540000  1829.9999999998622
545000  1829.9999999998622
550000  1829.9999999998622
555000  1829.9999999998622
560000  1829.9999999998622
565000  1829.9999999998622
570000  1829.9999999998622
575000  1829.9999999998622
580000  1829.9999999998622
585000  1829.9999999998622
590000  1829.9999999998622
595000  1829.9999999998622
600000  1829.9999999998622
605000  1829.9999999998622
610000  1829.9999999998622
615000  1829.9999999998622
620000  1829.9999999998622
625000  1829.9999999998622
630000  1829.9999999998622
635000  1829.9999999998622
640000  1829.9999999998622
645000  1829.9999999998622
650000  1829.9999999998622
655000  1829.9999999998622
660000  1829.9999999998622
665000  1829.9999999998622
670000  1829.9999999998622
675000  1829.9999999998622
680000  1829.9999999998622
685000  1829.9999999998622
690000  1829.9999999998622
695000  1829.9999999998622
700000  1829.9999999998622
705000  1829.9999999998622
710000  1829.9999999998622
715000  1829.9999999998622
720000  1829.9999999998622
725000  1829.9999999998622
730000  1829.9999999998622
735000  1829.9999999998622
740000  1829.9999999998622
745000  1829.9999999998622
750000  1829.9999999998622
755000  1829.9999999998622
760000  1829.9999999998622
765000  1829.9999999998622
770000  1829.9999999998622
775000  1829.9999999998622
780000  1829.9999999998622
785000  1829.9999999998622
790000  1829.9999999998622
795000  1829.9999999998622
800000  1829.9999999998622
805000  1829.9999999998622
810000  1829.9999999998622
815000  1829.9999999998622
820000  1829.9999999998622
825000  1829.9999999998622
830000  1829.9999999998622
835000  1829.9999999998622
840000  1829.9999999998622
845000  1829.9999999998622
850000  1829.9999999998622
855000  1829.9999999998622
860000  1829.9999999998622
865000  1829.9999999998622
870000  1829.9999999998622
875000  1829.9999999998622
880000  1829.9999999998622
885000  1829.9999999998622
890000  1829.9999999998622
895000  1829.9999999998622
900000  1829.9999999998622
905000  1829.9999999998622
910000  1829.9999999998622
915000  1829.9999999998622
920000  1829.9999999998622
925000  1829.9999999998622
930000  1829.9999999998622
935000  1829.9999999998622
940000  1829.9999999998622
945000  1829.9999999998622
950000  1829.9999999998622
955000  1829.9999999998622
960000  1829.9999999998622
965000  1829.9999999998622
970000  1829.9999999998622
975000  1829.9999999998622
980000  1829.9999999998622
985000  1829.9999999998622
990000  1829.9999999998622
995000  1829.9999999998622
1000000  1829.9999999998622
