5000  -1.152734209308401
10000  -1.152734209308401
15000  -1.158041659933515
20000  -1.1576750214269853
25000  -1.1588859694031999
30000  -1.1537031735631171
35000  -1.1555451468110551
40000  -1.153652396630496
45000  -1.1575382712180726
50000  -1.15490595140378
55000  -1.1551855899766088
60000  -1.1599099891609514
65000  -1.1557636207388715
70000  -1.1545239537008456
75000  -1.156190560475807
80000  -1.156084380527027
85000  -1.1534829849970993
90000  -1.153051209297264
95000  -1.155759454955114
100000  -1.1573217295657376
105000  -1.1541549485595897
110000  -1.1538896550284699
115000  -1.1534457374660998
120000  -1.1544237932574468
125000  -1.1520062021870399
130000  -1.1551831298856996
135000  -1.1542026664188598
140000  -1.1533450476091822
145000  -1.1534151763294358
150000  -1.1537184610334226
155000  -1.154701189356856
160000  -1.153680827872595
165000  -1.153517342278501
170000  -1.1539526672055946
175000  -1.1535076087049676
180000  -1.1539080275571907
185000  -1.1541197610227392
190000  -1.1543296282342637
195000  -1.155416102707386
200000  -1.1537313020089641
205000  -1.1543489099037834
210000  -1.1540588894370012
215000  -1.1556768456660211
220000  -1.153793429110665
225000  -1.1532664915348871
230000  -1.1528729467908854
235000  -1.1602438734844327
240000  -1.1569823873694987
245000  -1.154005684098229
250000  -1.1557606278453023
255000  -1.1546596080297604
260000  -1.154508413351141
265000  -1.1564790972508492
270000  -1.1545221907785161
275000  -1.1594750734046102
280000  -1.1548148847185076
285000  -1.1534503146074713
290000  -1.1543551489710808
295000  -1.1541292807785795
300000  -1.157721752487123
305000  -1.157257158542052
310000  -1.1555798038607463
315000  -1.1577997464686631
320000  -1.1537731939693914
325000  -1.1567267545033246
330000  -1.1564583325525746
335000  -1.1557099852710961
340000  -1.1583571551833303
345000  -1.154216183302924
350000  -1.1569107754621655
355000  -1.1534351747948677
360000  -1.1547869617585094
365000  -1.1595233593136074
370000  -1.1532107867416928
375000  -1.1565770112676548
380000  -1.1547488315962255
385000  -1.1553917499724777
390000  -1.1527858565328644
395000  -1.1522295568836853
400000  -1.1536819323664531
405000  -1.157036976190284
410000  -1.1575893517583609
415000  -1.1594297513365746
420000  -1.1551855912432076
425000  -1.154134416836314
430000  -1.1527056192862801
435000  -1.1592200635466725
440000  -1.1532957072369756
445000  -1.1528713272069582
450000  -1.1553045596927405
455000  -1.1525598183390686
460000  -1.1542669818270952
465000  -1.1538243665359915
470000  -1.1529333495767786
475000  -1.152907848590985
480000  -1.1552479138365017
485000  -1.1542052759090438
490000  -1.1544052524492145
495000  -1.1521579182590358
500000  -1.151859083492309
505000  -1.1515506323718
510000  -1.1534757467219605
515000  -1.152034056582488
520000  -1.15236358063994
525000  -1.1545369727769867
530000  -1.1523625204572454
535000  -1.1525047112023459
540000  -1.1517701490665786
545000  -1.1516933664679527
550000  -1.1519465735997074
555000  -1.1533118270803242
560000  -1.1544390520313756
565000  -1.1552084074355662
570000  -1.1519389290828257
575000  -1.1518536687828602
580000  -1.1541943835560233
585000  -1.1524921231903136
590000  -1.1512153936782852
595000  -1.153231417061761
600000  -1.152324992127251
605000  -1.150771345893736
610000  -1.1515579944767524
615000  -1.1533124245586805
620000  -1.1521127853891813
625000  -1.153215007483959
630000  -1.1538194552995265
635000  -1.1527448660344817
640000  -1.1528520392836072
645000  -1.154903445695527
650000  -1.1548856503795832
655000  -1.1522584964870477
660000  -1.1528444759082048
665000  -1.1539480958133936
670000  -1.1511781554785556
675000  -1.1510449103836438
680000  -1.1518392360885628
685000  -1.1513309955480509
690000  -1.151024674391374
695000  -1.1531887778081
700000  -1.15214928915957
705000  -1.1515488109434955
710000  -1.1533257470000535
715000  -1.152129462733865
720000  -1.151528079493437
725000  -1.1514325110591017
730000  -1.1520843225414865
735000  -1.1527412708732299
740000  -1.1518265014281497
745000  -1.15201551951468
750000  -1.1535711528733374
755000  -1.155783352209255
760000  -1.1519994485541247
765000  -1.1514535459980835
770000  -1.152071099646855
775000  -1.1512298598187045
780000  -1.1514779652294238
785000  -1.1517045723041521
790000  -1.151244604215026
795000  -1.1515545878210105
800000  -1.151800538727548
805000  -1.15198063144926
810000  -1.1514048234093934
815000  -1.1525518389651552
820000  -1.1511310745205265
825000  -1.1522339430754074
830000  -1.152995942311827
835000  -1.1517194459331224
840000  -1.1523914426448756
845000  -1.1513110745232553
850000  -1.1514774256385865
855000  -1.1508139410143485
860000  -1.1511520687898156
865000  -1.1520139036118053
870000  -1.1509008679306136
875000  -1.1510018417728134
880000  -1.1507728446857073
885000  -1.1505988861608785
890000  -1.1513235606136734
895000  -1.1516548398998565
900000  -1.1510104683984537
905000  -1.1528428269550206
910000  -1.15239897336578
915000  -1.1511134588043206
920000  -1.1511232860269955
925000  -1.1510669914539904
930000  -1.151059616089333
935000  -1.1521612474345604
940000  -1.1533337174681946
945000  -1.1508438928576652
950000  -1.1512020032561852
955000  -1.1516247902414762
960000  -1.1523992371745408
965000  -1.1528678177390248
970000  -1.1511850886221509
975000  -1.1514646334864667
980000  -1.1511725905584171
985000  -1.1505318637937307
990000  -1.1519417585455813
995000  -1.1517144873971121
1000000  -1.1506580944551388
