5000  1809.999999999833
10000  1809.999999999833
15000  1809.999999999833
20000  1809.999999999833
25000  1809.999999999833
30000  1809.999999999833
35000  1809.999999999833
40000  1809.999999999833
45000  1809.999999999833
50000  1809.999999999833
55000  1809.999999999833
60000  1809.999999999833
65000  1809.999999999833
70000  1809.999999999833
75000  1809.999999999833
80000  1809.999999999833
85000  1809.999999999833
90000  1809.999999999833
95000  1809.999999999833
100000  1809.999999999833
105000  1809.999999999833
110000  1809.999999999833
115000  1809.999999999833
120000  1809.999999999833
125000  1809.999999999833
130000  1809.999999999833
135000  1809.999999999833
140000  1809.999999999833
145000  1809.999999999833
150000  1809.999999999833
155000  1809.999999999833
160000  1809.999999999833
165000  1809.999999999833
170000  1809.999999999833
175000  1809.999999999833
180000  1809.999999999833
185000  1809.999999999833
190000  1809.999999999833
195000  1809.999999999833
200000  1809.999999999833
205000  1809.999999999833
210000  1809.999999999833
215000  1809.999999999833
220000  1809.999999999833
225000  1809.999999999833
230000  1809.999999999833
235000  1809.999999999833
240000  1809.999999999833
245000  1809.999999999833
250000  1809.999999999833
255000  1809.999999999833
260000  1809.999999999833
265000  1809.999999999833
270000  1809.999999999833
275000  1809.999999999833
280000  1809.999999999833
285000  1809.999999999833
290000  1809.999999999833
295000  1809.999999999833
300000  1809.999999999833
305000  1809.999999999833
310000  1809.999999999833
315000  1809.999999999833
320000  1809.999999999833
325000  1809.999999999833
330000  1809.999999999833
335000  1809.999999999833
340000  1809.999999999833
345000  1809.999999999833
350000  1809.999999999833
355000  1809.999999999833
360000  1809.999999999833
365000  1809.999999999833
370000  1809.999999999833
375000  1809.999999999833
380000  1809.999999999833
385000  1809.999999999833
390000  1809.999999999833
395000  1809.999999999833
400000  1809.999999999833
405000  1809.999999999833
410000  1809.999999999833
415000  1809.999999999833
420000  1809.999999999833
425000  1809.999999999833
430000  1809.999999999833
435000  1809.999999999833
440000  1809.999999999833
445000  1809.999999999833
450000  1809.999999999833
455000  1809.999999999833
460000  1809.999999999833
465000  1809.999999999833
470000  1809.999999999833
475000  1809.999999999833
480000  1809.999999999833
485000  1809.999999999833
490000  1809.999999999833
495000  1809.999999999833
500000  1809.999999999833
505000  1809.999999999833
510000  1809.999999999833
515000  1809.999999999833
520000  1809.999999999833
525000  1809.999999999833
530000  1809.999999999833
535000  1809.999999999833
540000  1809.999999999833
545000  1809.999999999833
550000  1809.999999999833
555000  1809.999999999833
560000  1809.999999999833
565000  1809.999999999833
570000  1809.999999999833
575000  1809.999999999833
580000  1809.999999999833
585000  1809.999999999833
590000  1809.999999999833
595000  1809.999999999833
600000  1809.999999999833
605000  1809.999999999833
610000  1809.999999999833
615000  1809.999999999833
620000  1809.999999999833
625000  1809.999999999833
630000  1809.999999999833
635000  1809.999999999833
640000  1809.999999999833
645000  1809.999999999833
650000  1809.999999999833
655000  1809.999999999833
660000  1809.999999999833
665000  1809.999999999833
670000  1809.999999999833
675000  1809.999999999833
680000  1809.999999999833
685000  1809.999999999833
690000  1809.999999999833
695000  1809.999999999833
700000  1809.999999999833
705000  1809.999999999833
710000  1809.999999999833
715000  1809.999999999833
720000  1809.999999999833
725000  1809.999999999833
730000  1809.999999999833
735000  1809.999999999833
740000  1809.999999999833
745000  1809.999999999833
750000  1809.999999999833
755000  1809.999999999833
760000  1809.999999999833
765000  1809.999999999833
770000  1809.999999999833
775000  1809.999999999833
780000  1809.999999999833
785000  1809.999999999833
790000  1809.999999999833
795000  1809.999999999833
800000  1809.999999999833
805000  1809.999999999833
810000  1809.999999999833
815000  1809.999999999833
820000  1809.999999999833
825000  1809.999999999833
830000  1809.999999999833
835000  1809.999999999833
840000  1809.999999999833
845000  1809.999999999833
850000  1809.999999999833
855000  1809.999999999833
860000  1809.999999999833
865000  1809.999999999833
870000  1809.999999999833
875000  1809.999999999833
880000  1809.999999999833
885000  1809.999999999833
890000  1809.999999999833
895000  1809.999999999833
900000  1809.999999999833
905000  1809.999999999833
910000  1809.999999999833
915000  1809.999999999833
920000  1809.999999999833
925000  1809.999999999833
930000  1809.999999999833
935000  1809.999999999833
940000  1809.999999999833
945000  1809.999999999833
950000  1809.999999999833
955000  1809.999999999833
960000  1809.999999999833
965000  1809.999999999833
970000  1809.999999999833
975000  1809.999999999833
980000  1809.999999999833
985000  1809.999999999833
990000  1809.999999999833
995000  1809.999999999833
1000000  1809.999999999833
