5000  -1.171285415677703
10000  -1.171285415677703
15000  -1.177155342253391
20000  -1.1800450014381203
25000  -1.18468658875674
30000  -1.1776055687339977
35000  -1.1782423651835416
40000  -1.1769881513435394
45000  -1.178850750043057
50000  -1.1769193129707127
55000  -1.1744409687910229
60000  -1.1762607689719882
65000  -1.1755383953254204
70000  -1.1771668733976548
75000  -1.1759291657927677
80000  -1.1740781962109033
85000  -1.1731489062408218
90000  -1.1757735768181736
95000  -1.178088931950042
100000  -1.1755436887382529
105000  -1.175786932586925
110000  -1.1752079544484149
115000  -1.1733290396619123
120000  -1.1742586057208244
125000  -1.174845780999167
130000  -1.1750689960384624
135000  -1.1751768079155591
140000  -1.174853060161695
145000  -1.1743921925302128
150000  -1.1740200319106227
155000  -1.1723160519095837
160000  -1.1727146683819591
165000  -1.1723279009305405
170000  -1.1735233236919158
175000  -1.1735285824810853
180000  -1.1738971300586125
185000  -1.1738523189444094
190000  -1.1759072508942336
195000  -1.175508295893669
200000  -1.1788359376462179
205000  -1.1728824683476704
210000  -1.175013414961286
215000  -1.1758587593212724
220000  -1.176538661904633
225000  -1.175927116703242
230000  -1.172878389286343
235000  -1.1755750446161257
240000  -1.1730607686145231
245000  -1.175226640519686
250000  -1.1749079551827162
255000  -1.1756533758295702
260000  -1.1738426265353339
265000  -1.1748354123253377
270000  -1.175540314479731
275000  -1.174127548309043
280000  -1.1726374711305834
285000  -1.174182723723352
290000  -1.1729257949092426
295000  -1.175535466573201
300000  -1.1728251024894418
305000  -1.1748616530839353
310000  -1.1745769300078974
315000  -1.1753385833045469
320000  -1.1745426902826877
325000  -1.1728169624158182
330000  -1.1733771059941502
335000  -1.1759706441592424
340000  -1.1741461744345725
345000  -1.1775275409501047
350000  -1.1738622841471806
355000  -1.1733799099270255
360000  -1.175690658162348
365000  -1.173576130606234
370000  -1.1748203421756624
375000  -1.1735284894751383
380000  -1.1757733021443708
385000  -1.1761669582501053
390000  -1.1738966271793472
395000  -1.174748147632927
400000  -1.1728722595423462
405000  -1.1735354387480768
410000  -1.1738999076699836
415000  -1.1763116208417341
420000  -1.1755536371190103
425000  -1.1740010780328887
430000  -1.174979484761134
435000  -1.1741682437295093
440000  -1.1731685225199908
445000  -1.1747357187373564
450000  -1.1736068531451749
455000  -1.1724305310682395
460000  -1.1781607674714176
465000  -1.1744101015431805
470000  -1.17338682832662
475000  -1.1738243978051468
480000  -1.1750322322640567
485000  -1.173210188471712
490000  -1.17212129119318
495000  -1.1741809774003924
500000  -1.1720533710252492
505000  -1.1723636073572563
510000  -1.1767102736793458
515000  -1.1734655739553275
520000  -1.1740871299570426
525000  -1.1731871672486887
530000  -1.1734904099768029
535000  -1.1741305592516436
540000  -1.172858608774841
545000  -1.1739340919815002
550000  -1.1725755219860003
555000  -1.1733746903529392
560000  -1.173494289331138
565000  -1.172552548458334
570000  -1.1723411838104947
575000  -1.1730358961783351
580000  -1.171849195314571
585000  -1.1723227140307428
590000  -1.1729158637858927
595000  -1.1731929239397867
600000  -1.172820721641183
605000  -1.1724245064123533
610000  -1.1721901615080426
615000  -1.174972075554542
620000  -1.1726740605942907
625000  -1.1720226752036251
630000  -1.1739041571086273
635000  -1.1727476290008054
640000  -1.172866608335171
645000  -1.1710822832584382
650000  -1.172815332263708
655000  -1.172416153589729
660000  -1.1722334667155518
665000  -1.172089193603024
670000  -1.1742072826763614
675000  -1.1738123872829602
680000  -1.1728100996278226
685000  -1.171539931888692
690000  -1.1716403479326982
695000  -1.17139026059187
700000  -1.172068804530427
705000  -1.1714055917796213
710000  -1.17331675078487
715000  -1.1741364992037417
720000  -1.1719658575649374
725000  -1.1722066500503572
730000  -1.1713821782078595
735000  -1.1719299203995615
740000  -1.1731640108558348
745000  -1.1715302536892707
750000  -1.1724062850046901
755000  -1.1712911391502714
760000  -1.1726534100878054
765000  -1.1712978034385015
770000  -1.1722807674482465
775000  -1.1717496584681792
780000  -1.17127832829603
785000  -1.1712997305486352
790000  -1.1717659516772256
795000  -1.1732180878915823
800000  -1.1713255350233522
805000  -1.1716681277076715
810000  -1.1709595098672434
815000  -1.171938320719637
820000  -1.171601434161421
825000  -1.1718862484721466
830000  -1.1724503280059433
835000  -1.1721262020338328
840000  -1.1721911235293372
845000  -1.1738639520993455
850000  -1.1713014594558628
855000  -1.1711978667229412
860000  -1.1717762582283466
865000  -1.1732928991480729
870000  -1.1719095728872344
875000  -1.1711245054251047
880000  -1.1716674857004548
885000  -1.172409229252953
890000  -1.1708387606590986
895000  -1.1723448054911567
900000  -1.1714162541658153
905000  -1.171482954045059
910000  -1.1725601051049308
915000  -1.1714423932007048
920000  -1.1716128638293593
925000  -1.1709087729908059
930000  -1.1715209553705064
935000  -1.1716710689873433
940000  -1.1711924684396946
945000  -1.1767932944744826
950000  -1.1727843730291352
955000  -1.1717499270266853
960000  -1.1733282596152277
965000  -1.1712204053520692
970000  -1.1717614172538742
975000  -1.1715532792662269
980000  -1.171941901433747
985000  -1.1707171030621977
990000  -1.1720634309854359
995000  -1.1716458025202154
1000000  -1.1718811672343872
