5000  -124.85445638291719
10000  -124.85445638291719
15000  -44.97201208202386
20000  -114.86668553561489
25000  163.96834162112197
30000  236.71804037511743
35000  209.3857710647169
40000  251.15757748926904
45000  216.08970501950844
50000  155.32049166335597
55000  235.09292517459335
60000  197.0902388336936
65000  202.96436727191312
70000  232.1682352479937
75000  233.18611124561266
80000  255.1391220054492
85000  244.7531942804107
90000  253.52652781812353
95000  242.0059564044741
100000  258.64303062285285
105000  241.31022872349916
110000  262.1711823406566
115000  247.316100196694
120000  260.4939272535517
125000  242.79145391135526
130000  263.0137124778122
135000  245.64271620821327
140000  240.02895052960884
145000  270.8306426972756
150000  281.49145304080986
155000  274.5445847015763
160000  272.25055108242486
165000  276.0508714472848
170000  270.2463588694096
175000  270.5255907232603
180000  277.26367376135863
185000  274.0998563523078
190000  260.6044591780146
195000  272.06026151956814
200000  275.5694887429416
205000  288.84697290155606
210000  275.36845704332825
215000  270.04498630594946
220000  269.1357034762962
225000  292.4139711884329
230000  282.5795158857157
235000  292.56236190416485
240000  260.9624681334409
245000  274.9795641092426
250000  198.9015526894153
255000  276.8661938474575
260000  283.2973755786747
265000  276.8186085241863
270000  280.38828313317373
275000  280.7418523722217
280000  234.97661145310184
285000  285.36296510334387
290000  284.4732614548602
295000  287.1022868931161
300000  264.82824933895324
305000  280.8252259274445
310000  281.30173021468903
315000  287.2084634267483
320000  284.51315836912056
325000  251.24926123014953
330000  264.3428278518518
335000  278.1710072012752
340000  274.6587303554306
345000  286.84452721085734
350000  257.2313882185011
355000  285.7815080818365
360000  284.24198055027466
365000  290.8206832148231
370000  287.7199710660607
375000  287.3192239415511
380000  271.75516026817127
385000  290.78172347975146
390000  281.3470842077313
395000  279.02038070951016
400000  280.17688604335825
405000  294.55754592491155
410000  288.5717140911194
415000  288.59527461765686
420000  287.2872863337784
425000  284.6709520777605
430000  288.4085387018264
435000  284.3373143739601
440000  287.34839827359485
445000  299.34153166415695
450000  284.52275387261557
455000  282.57235854822187
460000  280.72042839473596
465000  280.6259741214671
470000  286.77209843031005
475000  287.0259234262543
480000  285.09665793288343
485000  275.5860974296718
490000  285.0994527779703
495000  273.97483447534637
500000  279.7483495922996
505000  293.623531002973
510000  287.75571477318834
515000  285.5400563456061
520000  283.4230803634822
525000  284.5258903748064
530000  272.3871574106397
535000  292.38392418497784
540000  283.3551459616692
545000  291.55091686011644
550000  286.367945737727
555000  276.57849390488167
560000  293.25662317638546
565000  274.7378955146218
570000  285.29163840062307
575000  292.0408457174875
580000  283.92820669977766
585000  279.34351841687237
590000  274.73295885378025
595000  281.4666707324772
600000  287.5472970568467
605000  294.4953416244244
610000  280.07155768069885
615000  281.6748301113385
620000  282.585887847429
625000  285.0114340944563
630000  292.9971032915239
635000  291.36985517847745
640000  284.84090517818584
645000  285.8864396477549
650000  288.5915499246229
655000  282.53888021368664
660000  283.51761847179415
665000  294.043123230388
670000  277.76061689439575
675000  285.0453502637288
680000  284.4206810960667
685000  282.9560083858091
690000  282.428981106912
695000  282.97020376632474
700000  288.2402176448959
705000  288.8649052108287
710000  285.68417916953115
715000  279.7910939067592
720000  277.9278446681159
725000  279.8212541924733
730000  286.29088353384645
735000  289.63221122219454
740000  281.4719036868694
745000  296.85669622809127
750000  290.8666557055029
755000  288.86292265959617
760000  289.39738985670016
765000  292.0664269327831
770000  289.6760171816434
775000  277.06511567199834
780000  278.0875517251107
785000  281.80532045097345
790000  285.70625316838544
795000  285.7066421621804
800000  293.3402823944968
805000  292.96907534482125
810000  286.15746053654016
815000  290.9617521584463
820000  276.6950417475048
825000  288.4026422965621
830000  264.53874515768996
835000  279.8793708853715
840000  282.7182400398516
845000  292.25689287582134
850000  290.6451850705994
855000  284.19967135392
860000  282.716429214562
865000  272.6110873996423
870000  285.0377534192148
875000  285.68182470536783
880000  285.95677345577195
885000  290.6559183335349
890000  257.539714336345
895000  290.19299820113235
900000  277.38826143850963
905000  290.39489698571236
910000  286.29565106043435
915000  289.7598942675248
920000  289.58027752107375
925000  284.940804198685
930000  262.32492660442864
935000  289.5402054592839
940000  289.2661064127599
945000  284.7970850803439
950000  287.2495474007368
955000  282.27626043965375
960000  284.13285336836486
965000  293.80164608752426
970000  284.7509668353704
975000  278.3456950200559
980000  281.20666576725523
985000  272.6224692593113
990000  295.3643213412284
995000  285.7608676051465
1000000  285.0099824760817
