5000  -278.31854272945
10000  -278.31854272945
15000  -122.05075405232553
20000  -68.54765495727175
25000  -12.098971474899221
30000  69.17453525914797
35000  132.6928334754954
40000  237.84126388856635
45000  216.47333157719436
50000  206.27213187793495
55000  2.85207362447168
60000  -29.773368238018623
65000  229.51101541569795
70000  148.37804948495952
75000  82.4493977221093
80000  102.52086207093798
85000  -9.08234572440154
90000  -108.92346011395084
95000  168.017508537075
100000  245.9579644710097
105000  209.2156126457037
110000  176.9604607536125
115000  132.19553050613771
120000  153.19597513273825
125000  229.18965804269845
130000  256.52676141840186
135000  232.2338597965042
140000  258.51632112906134
145000  248.10768741887017
150000  206.92376767355682
155000  241.09647204520417
160000  255.65024735770834
165000  262.3895881989153
170000  161.47409509734794
175000  201.9526346870802
180000  212.49433226106012
185000  231.3293181421956
190000  230.14806589260223
195000  259.0425236402953
200000  267.3014472529634
205000  242.7035005148561
210000  206.1265699861503
215000  273.56750383937145
220000  234.09504966011787
225000  163.04307423430186
230000  191.37488932637316
235000  202.05453353441453
240000  215.66586225010215
245000  271.421031802205
250000  220.2478885573254
255000  271.601421958257
260000  245.86409883045764
265000  245.58732183967157
270000  270.0191671443299
275000  261.979072176406
280000  228.42183823027386
285000  239.102266079109
290000  234.9882407588435
295000  224.18997598333516
300000  219.52755766549458
305000  197.49545031663277
310000  265.7935145228909
315000  278.7361501964694
320000  264.5400635819446
325000  267.3964637518471
330000  237.9222825360652
335000  258.24217582897944
340000  258.7216331319345
345000  257.7754738452109
350000  270.7753858128165
355000  258.46184561693207
360000  257.8078607611807
365000  269.35138876777313
370000  209.3599491656908
375000  279.77721502316626
380000  269.19484058894585
385000  266.3627979378758
390000  263.2995874795122
395000  272.9138763428389
400000  278.8359086961638
405000  262.0790022316236
410000  237.82300258471363
415000  271.4042060070709
420000  255.64731982369676
425000  276.4182495002198
430000  281.18219120985066
435000  287.8177965281396
440000  274.09868627723426
445000  272.9598107658568
450000  278.6180840934086
455000  268.89181386334474
460000  275.05648202970167
465000  274.96965617272156
470000  233.19743571736012
475000  278.711043801283
480000  215.29182185142054
485000  270.0460414598406
490000  284.69181342018817
495000  254.58363850605807
500000  262.6028289135254
505000  283.2680299443213
510000  282.2028683068676
515000  246.31962929984525
520000  273.0863474350461
525000  279.0676279814405
530000  259.6703527802546
535000  271.94838744946367
540000  271.2527259841941
545000  281.99861623804935
550000  282.51967029366455
555000  282.08178879393273
560000  292.7156212057274
565000  283.6439491916369
570000  271.96330619248454
575000  276.66045700836816
580000  280.9291746097227
585000  278.15503235553325
590000  262.71160500526196
595000  272.6722018071374
600000  276.65529480868696
605000  284.1875038834143
610000  289.61666465960667
615000  277.731990828551
620000  282.9164715516647
625000  280.5462951326059
630000  283.77767668473615
635000  279.4894386506971
640000  272.73280159733724
645000  274.1582014092946
650000  287.1153027402619
655000  282.9329811256255
660000  280.63413662228714
665000  271.8522189719201
670000  277.08835206985054
675000  266.63053839871236
680000  270.0331185790634
685000  270.9279189587304
690000  273.95164951949585
695000  276.84976381946296
700000  288.1875870064449
705000  282.7463384564965
710000  279.15845743342663
715000  260.79411024503923
720000  295.9210043465696
725000  283.94313286816384
730000  276.3645288482324
735000  277.1973679102872
740000  293.1812284596056
745000  281.01021465683624
750000  275.9280351166596
755000  282.8283396726273
760000  277.52461738758933
765000  286.5904567997467
770000  274.95464641203955
775000  289.4501598864564
780000  287.35788350372314
785000  279.2589901699394
790000  280.858676283787
795000  202.23544588076481
800000  280.2196245393172
805000  281.69587672061425
810000  280.3710546136326
815000  278.23159580044484
820000  279.4305910401604
825000  287.4555037700347
830000  283.77420906603504
835000  280.8269676413509
840000  273.5430222643854
845000  281.13909817065365
850000  270.6354578524154
855000  287.8779111854872
860000  282.62270380116763
865000  274.00962445382663
870000  278.9923981924928
875000  283.9119965235649
880000  282.06913257395826
885000  287.2188817462848
890000  287.6864914502263
895000  284.4547351866374
900000  290.96286867342076
905000  289.92094956134116
910000  285.1668816586653
915000  273.56208390429686
920000  279.407743702236
925000  281.22147187993687
930000  274.11825105344553
935000  277.9358078574429
940000  281.6195213178004
945000  279.62425566156344
950000  276.7832445292536
955000  274.9957260949087
960000  281.68817978044166
965000  287.30352473883477
970000  276.6431177402569
975000  273.09732958627956
980000  286.9988324238293
985000  285.82136925906724
990000  281.5602412967983
995000  280.9897274542417
1000000  278.6214706306306
