5000  -159.68702162435596
10000  -159.68702162435596
15000  -58.02518451271336
20000  -172.06960681314277
25000  -49.19703252837559
30000  -53.97522632481861
35000  -30.17245508528182
40000  -131.63886509670422
45000  -117.58592432240184
50000  -129.58135843513557
55000  -165.52586146867424
60000  -32.31425687596491
65000  43.7918615767094
70000  -76.19983022395141
75000  -7.267468584626192
80000  -112.28196324091853
85000  145.61426202477367
90000  46.131752800699395
95000  193.73015526811702
100000  -54.52129268878336
105000  182.85425663608515
110000  103.37354016340377
115000  45.3017820933239
120000  187.58280876853502
125000  169.17402876993884
130000  128.25871808011695
135000  137.32395396785554
140000  236.08162587893185
145000  163.43553019749794
150000  44.33201113875664
155000  241.88736585451002
160000  150.09561771970795
165000  268.0586974766243
170000  257.24974038906373
175000  221.7891361315203
180000  262.7203972756699
185000  262.9071730934112
190000  266.1106086452768
195000  216.5503973829935
200000  234.21616308105544
205000  261.2568842423249
210000  230.0856002272024
215000  232.41669011700907
220000  232.43395485810902
225000  215.3313973756216
230000  201.4527227946524
235000  269.5897985064015
240000  255.75018727027378
245000  216.00431823896375
250000  250.19575087733398
255000  273.9662853285418
260000  270.67417430913054
265000  264.4843205662498
270000  273.32548959890744
275000  270.32943059582396
280000  271.9137799978284
285000  259.4246459726501
290000  263.1114656454389
295000  268.35637928603444
300000  271.8269845169124
305000  269.61765905221074
310000  267.1332601595188
315000  264.2373835363362
320000  243.1267217906066
325000  267.17204910597303
330000  266.58172469121234
335000  275.43543345668814
340000  280.8298562042402
345000  274.71739613986415
350000  236.76720065744757
355000  226.04057299530504
360000  254.77368087485547
365000  267.9420801383159
370000  258.0171848488511
375000  265.9148759605363
380000  269.7733469176475
385000  278.88708440736207
390000  270.61383954688347
395000  257.39197488501947
400000  266.34819657519813
405000  261.7969349414127
410000  279.52688308975354
415000  273.8181089614574
420000  244.75643638967554
425000  287.85291714873426
430000  279.3817937373404
435000  274.07276646694584
440000  280.6202628898605
445000  263.74611405773317
450000  270.74238216702554
455000  269.2797563198339
460000  282.6454196920279
465000  280.8324509824198
470000  280.6286376578787
475000  270.33578063462426
480000  264.32881125211986
485000  285.0133841899002
490000  287.96044124414624
495000  281.12022938622783
500000  286.7525988211787
505000  282.24367280540525
510000  284.2749871402068
515000  273.73648171112626
520000  273.19892114569546
525000  279.4864868876363
530000  278.51143104276764
535000  274.1452268965337
540000  269.56466665271637
545000  281.3224632067267
550000  268.26315713882633
555000  284.2222132793303
560000  279.2088759375991
565000  273.8771255731764
570000  278.6715977357174
575000  278.3229384451704
580000  277.1820850192124
585000  284.09913887440143
590000  269.46468431275156
595000  283.7821676047889
600000  281.0800234986165
605000  270.7644983477775
610000  289.4468663567526
615000  280.49818688022526
620000  278.1613621857913
625000  277.58804013118913
630000  277.9509440169501
635000  281.7133727939164
640000  276.37277385955593
645000  273.72366607461424
650000  267.0407226629338
655000  275.20335949356326
660000  291.4395490429305
665000  281.12248934697567
670000  278.8724785662824
675000  270.9127392603435
680000  281.676350618761
685000  280.9937588398333
690000  277.8161811133177
695000  281.6122172823943
700000  278.90807506858107
705000  280.19798275327037
710000  277.0895061237516
715000  281.9493742205382
720000  279.7159876344808
725000  282.420074505281
730000  287.60037186706506
735000  287.56513713751394
740000  280.27832327322255
745000  291.37924208539704
750000  279.8411278043742
755000  281.9842157355588
760000  279.91730225968195
765000  291.9642862133726
770000  278.85648570833456
775000  270.08166382899765
780000  292.8435075940416
785000  282.35038875725235
790000  289.57240690298397
795000  266.9595818268114
800000  294.7051611698526
805000  291.13383370255855
810000  287.9849072303231
815000  285.3447837565017
820000  276.72024808667464
825000  278.0013012221511
830000  286.58867900379266
835000  288.7993151907258
840000  282.28964858485034
845000  283.3000761059476
850000  279.5240976493227
855000  285.3909381088838
860000  268.39836492618207
865000  284.36170188713606
870000  280.54278866025066
875000  284.44027422328753
880000  293.58048538022365
885000  277.375507591872
890000  279.8599591566452
895000  286.6019148728287
900000  286.21240961905875
905000  287.84934271012423
910000  273.42833606116847
915000  283.69913144034473
920000  289.95206280608124
925000  278.5480184991941
930000  277.3698395754843
935000  281.9615278837339
940000  283.11550811944556
945000  282.7355477691611
950000  286.0567060560855
955000  281.9957798557606
960000  281.80923941696057
965000  279.663235547533
970000  281.7320331852369
975000  276.06285334016815
980000  292.32057985230745
985000  292.569172361998
990000  280.653592319062
995000  283.6564111310971
1000000  271.42658312858913
