5000  12.027250166647878
10000  12.095974022700736
15000  96.17870168420296
20000  89.26494507097665
25000  80.16708663965932
30000  90.38897485717044
35000  113.36843260065946
40000  112.37646615380598
45000  139.26258885557345
50000  110.72780787387929
55000  110.56241233860332
60000  130.6151964189194
65000  132.9928001428349
70000  328.3608821296778
75000  149.37676988832482
80000  125.59427915858657
85000  154.5037870003479
90000  120.70069928493376
95000  307.3758004108287
100000  139.1224602494931
105000  144.23675137859715
110000  148.66988863466833
115000  140.5059947058061
120000  631.0878537234252
125000  131.41554378974513
130000  122.02235856317948
135000  127.20296588193207
140000  375.4155934540055
145000  140.1001613111486
150000  150.85291665333577
155000  172.16372683283308
160000  537.54547494587
165000  112.72020177754254
170000  139.44413429161438
175000  130.1631885164603
180000  379.491852592896
185000  236.90811628315168
190000  175.91916729542282
195000  160.55964434076236
200000  145.1948496269408
205000  551.013124851366
210000  467.2474654822774
215000  712.0383053952228
220000  842.5950250421168
225000  289.00854676874076
230000  723.5384383293696
235000  429.06604713030947
240000  738.3594816697339
245000  560.3327811991167
250000  250.04975772802723
255000  700.2394398830991
260000  422.74729332164986
265000  533.4551593882238
270000  839.741210627629
275000  312.59454049017745
280000  473.745850731009
285000  360.62382087597507
290000  432.707230541548
295000  986.4623954438879
300000  1064.311751675173
305000  1054.9610079229628
310000  811.6215015565152
315000  989.7385515259411
320000  602.9788332791903
325000  1028.8762334124222
330000  989.4913913988642
335000  1015.2111916390513
340000  1171.532034879173
345000  1192.199140484668
350000  1081.8862697693403
355000  1250.632445333013
360000  1240.697520175374
365000  471.47276103127086
370000  1215.6388967255682
375000  1272.576073923437
380000  428.6390082492494
385000  1252.411028386543
390000  792.61773590124
395000  1328.1098828575866
400000  1195.6569902752512
405000  1320.8545417143173
410000  1270.8906255304014
415000  1101.541932988781
420000  1319.124617661085
425000  1292.5590786927528
430000  1305.2305874514484
435000  1331.0762018646892
440000  1278.8425652612718
445000  1286.378215884976
450000  1348.322523373993
455000  1333.8313906038816
460000  1335.4449188616813
465000  1403.1088744626863
470000  1328.9623990482442
475000  1386.8208038318508
480000  1407.026588046701
485000  975.7323162420932
490000  1391.5066327268812
495000  1411.9572721650916
500000  1428.5904051295695
505000  1412.4464961337655
510000  1414.5853638219592
515000  1418.5171212055373
520000  1374.7082221247742
525000  1400.809122487224
530000  1386.831316179598
535000  1420.9543092054266
540000  1421.7374983614202
545000  1158.76400225018
550000  1395.4719648311197
555000  1462.239883240087
560000  1466.475084762837
565000  1491.7716821659637
570000  1468.3960913957383
575000  1470.226985099283
580000  1477.3530652978557
585000  1457.9074891477464
590000  1426.2648544471879
595000  1427.388121755755
600000  1414.8891194835219
605000  1482.413017928164
610000  1498.425496573492
615000  1455.553462190732
620000  1487.204585295358
625000  1466.4091661711482
630000  1511.1023391906492
635000  1516.14445204485
640000  1513.2559971758083
645000  1511.9903003229563
650000  1517.758041651719
655000  1520.3118214225694
660000  1532.1015866348941
665000  1498.5873629713428
670000  1590.4452959163132
675000  1454.2354110102392
680000  1562.491441426662
685000  1529.6317853739263
690000  1480.5078109894425
695000  1475.6508425975035
700000  1539.3879342688883
705000  1503.3857180611544
710000  1535.5845843692443
715000  1504.3036911934616
720000  1523.082415501509
725000  1510.425438107069
730000  1344.298358550766
735000  1529.8630365042413
740000  1525.3601316667318
745000  1549.4862047338543
750000  1547.7544076323502
755000  1595.9178824633188
760000  1417.9809283405561
765000  1518.1209979680546
770000  1486.9398373124873
775000  1537.9858114504268
780000  1605.2334386048014
785000  1527.9053238875053
790000  1633.5759263938985
795000  1528.7320429723154
800000  1561.1251963624265
805000  1495.1263591430823
810000  1440.2998289932966
815000  1484.6705230223627
820000  1517.0293167503173
825000  1493.9197287459344
830000  1544.043541091421
835000  1659.5705518122613
840000  1537.3179416228063
845000  1602.4606712726481
850000  1632.101453677464
855000  1584.0750059279324
860000  1696.261484300135
865000  1718.5945851029533
870000  1619.6650356871435
875000  1639.2327952019994
880000  1586.4357938289631
885000  1519.2398903937615
890000  1599.3543242112628
895000  1311.3554738213193
900000  1708.3586715274505
905000  1641.630898161639
910000  1397.6686625319749
915000  1671.5342206417379
920000  1621.3567761474137
925000  1434.0701813747617
930000  1606.436689420085
935000  1684.8675536297396
940000  1532.3545350571706
945000  1701.752291447813
950000  1424.5972490646107
955000  1582.722230590374
960000  1631.282361843973
965000  1667.0564837146944
970000  1683.5247321705733
975000  1557.6705403408696
980000  1709.390316246742
985000  1713.5330074051228
990000  1717.5754939816306
995000  1687.4463681028938
1000000  1662.9607454738132
