5000  12.572892632490204
10000  11.98142998776122
15000  275.27274343941633
20000  67.8455316114923
25000  247.62970129124398
30000  109.89210700750239
35000  90.37342236390671
40000  72.15496219666393
45000  166.8218831412438
50000  91.97903050536294
55000  89.80245240895285
60000  372.51768330224166
65000  134.79848181078842
70000  176.26295919675294
75000  267.0924933924206
80000  111.32835688849714
85000  136.46318486341198
90000  297.20559548402457
95000  257.7563692867134
100000  315.44525026928477
105000  161.65846505264932
110000  143.68559989445606
115000  417.940096354005
120000  138.2476167714341
125000  133.19942717356673
130000  134.98366950416784
135000  139.81815832872442
140000  131.38760815445286
145000  170.92332909435908
150000  134.26302373281462
155000  117.83175585165802
160000  133.67332380402186
165000  156.26138663505452
170000  181.17252406245888
175000  729.5148969508009
180000  317.62777769977635
185000  692.1358797868484
190000  147.69519511975304
195000  136.90242709745507
200000  718.1977140756965
205000  255.1515454225909
210000  347.9525605714506
215000  732.945516627097
220000  521.3637877601207
225000  159.8242062344426
230000  591.563126761903
235000  173.51699438329348
240000  541.7654130034484
245000  150.17703195940155
250000  572.9696535845744
255000  657.4576625911411
260000  734.3975342818454
265000  331.85231804796206
270000  727.8203335274692
275000  335.1607393623781
280000  495.6360494357071
285000  391.6173953563833
290000  314.7109544659514
295000  190.36795225395815
300000  253.60484290526537
305000  503.8432068009095
310000  498.0709184435997
315000  729.6379552741191
320000  728.2801898758892
325000  803.2814888938045
330000  803.6339836236241
335000  804.6967541014698
340000  808.0901396655454
345000  806.8211995632761
350000  728.6365317737902
355000  661.6781464673278
360000  804.7647603923001
365000  507.8293444535328
370000  808.8638597175393
375000  806.3242842442025
380000  725.0109517214088
385000  807.086515195834
390000  565.6233232713772
395000  486.6433585015731
400000  757.1176256166713
405000  566.0999627024056
410000  231.63837955985414
415000  480.3061642564061
420000  183.16007786747127
425000  398.27361157158236
430000  572.8295195616633
435000  797.8302628465538
440000  557.5938898389273
445000  803.6058408955765
450000  804.6588661680377
455000  806.8505286748327
460000  806.8165640216228
465000  808.4125219039154
470000  764.0284431226485
475000  197.27578421499362
480000  648.4714233597198
485000  727.4428510262227
490000  185.20526407861507
495000  755.0005981821755
500000  647.8483732645157
505000  157.65223623968242
510000  183.48101445665927
515000  804.9963821521732
520000  390.9239700911801
525000  186.57391314461006
530000  190.80721533329728
535000  184.80905643995726
540000  695.2843464482521
545000  806.2978810735996
550000  801.1844264699844
555000  802.1623987371224
560000  794.0118078705644
565000  802.9691166728416
570000  806.3263787175639
575000  805.2148605407416
580000  724.1004131691552
585000  653.789317027455
590000  806.685638385148
595000  806.8736696846391
600000  806.3799107045411
605000  815.6344106090064
610000  810.9199486708012
615000  730.6350133553194
620000  806.5976361114127
625000  807.1417732661956
630000  806.905320413187
635000  186.61166818019325
640000  709.130550089081
645000  809.8599085545355
650000  809.1520776777296
655000  807.878622053621
660000  811.40894342933
665000  811.193396551499
670000  808.0406166718245
675000  805.9714603331554
680000  809.3117222270743
685000  808.3823351286194
690000  807.9329206443915
695000  806.2380465204267
700000  814.113444405482
705000  802.4213593542667
710000  804.2056965192105
715000  806.9877909381981
720000  807.8355705245981
725000  809.6373758570574
730000  809.0968345533626
735000  809.2387284222955
740000  808.0021652261978
745000  809.3665661686307
750000  808.1186200747513
755000  809.0070825443185
760000  805.9530732522423
765000  344.9581547945309
770000  811.1615380007622
775000  809.8525626647222
780000  807.4732338729357
785000  809.0781679211779
790000  801.4128754190032
795000  810.6660114368151
800000  854.547454290246
805000  796.3089843244401
810000  803.2769436047382
815000  821.8406017425586
820000  808.0968053005458
825000  756.6588617813672
830000  815.8495541586599
835000  818.1506618596405
840000  813.9790559783463
845000  779.1247702104627
850000  820.0487616915491
855000  809.9008624746898
860000  808.543022790281
865000  844.2943470460707
870000  810.757309218113
875000  808.9868341083496
880000  806.5563703041661
885000  808.3263064655897
890000  808.021322727273
895000  810.2546175674963
900000  808.2442517835416
905000  809.1878464884348
910000  807.350292914288
915000  810.2077779210663
920000  822.4635495873332
925000  813.0545271110008
930000  807.686791659656
935000  809.8777687776229
940000  754.4256607659239
945000  800.5699852229654
950000  809.1781544878573
955000  810.3046364112462
960000  811.8412681929423
965000  889.0238005915428
970000  806.8362198475529
975000  804.1178925155334
980000  808.5479884244866
985000  808.0257015042172
990000  811.4789217580565
995000  809.7780835382034
1000000  808.7105903936233
