5000  21.17028701672567
10000  21.17028701672567
15000  131.46599259362472
20000  90.06726008078446
25000  93.61588752874282
30000  117.35873035503239
35000  107.30430054606617
40000  85.90680942289606
45000  83.60263865742438
50000  127.55421299416223
55000  132.9826615616389
60000  148.4731948942975
65000  155.38740647670141
70000  210.12691871817387
75000  217.14845193068763
80000  193.0705439003479
85000  330.80424801939523
90000  153.95268511788657
95000  357.3200737470901
100000  138.4272958999802
105000  237.69797890164529
110000  242.04754377427497
115000  320.4755033062732
120000  152.29392390930465
125000  227.01804115753185
130000  311.6080082199943
135000  221.47475469051693
140000  183.08994718472266
145000  196.67763870042893
150000  226.96523918561252
155000  228.9219388379141
160000  203.51045999129994
165000  203.34234559824682
170000  183.3933337592792
175000  225.81781860627035
180000  229.85199484262597
185000  911.7818542306125
190000  344.9740077784514
195000  168.77911383535064
200000  189.9182575092887
205000  458.78170545257143
210000  891.0100711432399
215000  932.637247052268
220000  803.2633268451641
225000  744.2472847819537
230000  893.0779959477695
235000  1027.8741252724708
240000  992.1135330615086
245000  1005.2415956781688
250000  854.6487600791609
255000  379.59868546394216
260000  276.46318987948473
265000  814.0717698234482
270000  485.6527026230664
275000  930.7461051878912
280000  724.1476240514135
285000  878.2959198855563
290000  1041.7000919899458
295000  807.8514146219458
300000  1027.7330918041894
305000  852.2053748657057
310000  953.6586425261821
315000  1043.9530266874588
320000  977.885880698432
325000  1001.812275270035
330000  853.0336665972475
335000  911.40002483474
340000  1069.1602536292917
345000  1083.367499007311
350000  1059.0242367586868
355000  1014.3517419848682
360000  1091.474935375934
365000  1073.283173003069
370000  1028.1386623364026
375000  973.8462107729383
380000  1094.3775392687921
385000  1097.5684052824458
390000  1098.4017810007206
395000  1094.4631150837745
400000  1077.7831629355246
405000  1060.4874756196
410000  1097.8056057181343
415000  1091.6364693614994
420000  928.0600768508027
425000  1052.8383680384052
430000  583.847097616128
435000  1085.1711394065583
440000  1081.117549683124
445000  1083.78214253546
450000  1087.7625976527484
455000  1078.9027678656744
460000  900.2233953277686
465000  1092.317444426247
470000  985.9022496287118
475000  1100.424707620416
480000  1082.270759884375
485000  1105.7515104636
490000  1078.1860162206024
495000  1068.1544564068402
500000  1051.4462280376079
505000  417.7930329344904
510000  1117.7706899065192
515000  1113.1877680452956
520000  861.1499954038942
525000  966.309879157407
530000  1118.4058427095283
535000  1110.9001745358137
540000  959.798288434856
545000  843.190106092656
550000  935.6569494210364
555000  1003.8531794553076
560000  972.9587834525864
565000  884.486632230564
570000  1121.1856916422835
575000  1065.2903837351346
580000  1026.466784824518
585000  1117.6364279065026
590000  1094.3843661708952
595000  945.6739793866494
600000  1093.059451057757
605000  1089.848210493356
610000  1122.3650918610779
615000  1055.8292923888735
620000  970.3334262636496
625000  957.0365608506452
630000  916.710755567746
635000  1054.506739056073
640000  726.1185211592959
645000  990.4511561720476
650000  1098.1820766937813
655000  1033.7376503249436
660000  1111.5340733628757
665000  1116.1496608068942
670000  902.7200505616944
675000  821.0751565838588
680000  1129.6604766184398
685000  1105.9909909290473
690000  959.4482673942068
695000  904.9160621078967
700000  919.2958438672888
705000  1004.5107238761018
710000  1041.1014827884424
715000  750.8390539822501
720000  670.6957527601978
725000  1016.8079539851958
730000  1131.5177821246048
735000  922.6594620892387
740000  860.0870061911874
745000  1119.3225308341753
750000  924.6332061603529
755000  1123.3995093598912
760000  940.8967543666583
765000  1024.6918524091366
770000  1099.7790043509608
775000  1033.3047357873143
780000  1129.182280670487
785000  1121.263259635221
790000  1124.0220013411856
795000  1097.6476118612334
800000  1128.3004193018337
805000  1139.7832328357474
810000  1142.216319350684
815000  1140.352034885005
820000  1141.9062806058935
825000  994.7382899585484
830000  1099.7287445787774
835000  1110.7153374548254
840000  1132.2068691936524
845000  1038.2807623323456
850000  1096.6810259276078
855000  1108.1306350369773
860000  1150.1044805514655
865000  749.0210293384525
870000  1115.2156693754432
875000  1108.6526306914122
880000  842.9786027201405
885000  1128.9598356190645
890000  1130.7688469247437
895000  1016.9420097313621
900000  1134.7800110963701
905000  1130.6039583754446
910000  835.841965363719
915000  1010.5220404175163
920000  531.2964711311466
925000  1123.1869995450138
930000  1135.715317120727
935000  891.4896286732632
940000  1122.4856040876316
945000  1140.0889994871886
950000  1137.9908840934645
955000  1125.5004927321438
960000  1116.659514858808
965000  1129.7655143701431
970000  682.9735653157094
975000  967.0576078651853
980000  941.1573590760241
985000  1088.3146940417491
990000  1133.6841762354302
995000  1092.3264421126173
1000000  1038.7006851369233
