5000  10.982689303849485
10000  10.989520709465749
15000  76.16367844995185
20000  93.08817474546392
25000  77.5565070456155
30000  62.87884710649231
35000  107.46407740611228
40000  107.98926469502689
45000  85.1081971985756
50000  90.41102561288939
55000  98.33148889973127
60000  99.21194692169549
65000  108.37863855353082
70000  114.17010254871184
75000  108.8843074445344
80000  100.58407489034596
85000  93.51450080979649
90000  86.14766907499241
95000  88.15387075311833
100000  110.05157052718744
105000  102.4630939302743
110000  99.73603589991947
115000  107.35479162027084
120000  96.95523553918795
125000  107.53694063490138
130000  107.23182295033564
135000  109.85967448267736
140000  118.29776438070357
145000  115.51961645601837
150000  117.0971331820618
155000  219.94059742322793
160000  181.94305334732235
165000  155.28790036047036
170000  632.9668887982539
175000  256.13578312827946
180000  234.89361520950501
185000  159.79186504919633
190000  153.35567780623398
195000  926.5318378077272
200000  968.0746006816311
205000  636.908861735704
210000  644.8725423338303
215000  929.1635298310351
220000  680.9939725998166
225000  777.0378563276178
230000  660.303843589011
235000  879.1228554813881
240000  927.952685707303
245000  944.7242457642557
250000  819.9220407167901
255000  1009.4034050322647
260000  729.4302816783957
265000  956.6846566851825
270000  1025.7675081472782
275000  1043.8784737903359
280000  1007.032605894771
285000  1094.7015129007066
290000  1024.895699343418
295000  1044.715471895527
300000  1075.9717425355852
305000  1037.2951311917789
310000  1051.4240442002751
315000  1047.7447937276017
320000  1089.5055877290138
325000  1047.907356090491
330000  1083.1648446405222
335000  1069.7152004834863
340000  1037.5606688776509
345000  1039.5096651318427
350000  1073.347778635635
355000  1072.854454777083
360000  1083.218587739915
365000  1100.6229718381862
370000  1101.7763077634397
375000  1076.445485497127
380000  1073.5906574603891
385000  1122.016092831548
390000  1095.1645390643184
395000  1123.8662397028397
400000  1119.7554736254156
405000  1117.7608263109257
410000  1139.716375787788
415000  1031.6276488091344
420000  1131.6164508605095
425000  1140.014417166913
430000  1124.344791720819
435000  1124.7127149990397
440000  1101.6187423467766
445000  1112.6929009312664
450000  1129.215930423771
455000  1148.9668356775487
460000  1183.982499376028
465000  1114.7009471064562
470000  1124.7522649686684
475000  1140.4966457783237
480000  1128.3962261703196
485000  1141.5484434048137
490000  1154.9368620048174
495000  1137.878907170488
500000  1116.877141250684
505000  1160.8240019454317
510000  1135.5161222515007
515000  1207.5622437363306
520000  1192.924142283771
525000  907.6940625535633
530000  1137.5837277054225
535000  1141.3769656541879
540000  1170.2653521173331
545000  1182.8502885720404
550000  1193.8559035976841
555000  1166.9105159026226
560000  1204.6617483938053
565000  1160.778844851735
570000  1124.4429492140948
575000  1208.1308780646127
580000  1199.5896987464753
585000  1181.8170847533574
590000  1198.4291347487804
595000  1210.8640795069282
600000  1188.3049488045394
605000  1213.3221443729913
610000  1123.0346772479038
615000  1202.0283299001637
620000  1171.445391173995
625000  1168.782205350133
630000  1219.258951477102
635000  1201.5753764211738
640000  1158.9575540279209
645000  1191.0302526285252
650000  1234.0240059510495
655000  1259.2232181033103
660000  1196.3118744938856
665000  1236.4305469354442
670000  1151.043809870072
675000  1188.8624800386883
680000  1242.6053579195677
685000  1233.652300003438
690000  1214.3885223224584
695000  1220.17352719722
700000  1222.570757629729
705000  1222.456755921709
710000  1231.8492426534863
715000  1243.0228407132918
720000  1214.942602422561
725000  1219.3832086108334
730000  1218.3641036568195
735000  1237.2734071881773
740000  1223.650051449085
745000  1237.2090930395384
750000  1244.8783590004284
755000  1260.0184136576015
760000  1232.8588848829872
765000  1236.8069279586641
770000  1233.5949782501766
775000  1263.640948689694
780000  1275.535880985701
785000  1257.0649811785627
790000  1250.7143647493417
795000  1241.9899694187052
800000  1285.2144286769721
805000  1290.689206618612
810000  1275.7333393847277
815000  1011.3335109727235
820000  1296.177099616943
825000  875.2015968801576
830000  1291.9604018407454
835000  1295.5685727901655
840000  1271.8127565379627
845000  1284.558718333737
850000  1319.248633286649
855000  1305.8229829156612
860000  1299.096889591342
865000  1229.4121794727346
870000  1288.3465658004275
875000  1284.8931747469846
880000  1241.789680911223
885000  1316.1710732564927
890000  1285.6634475422172
895000  1254.7719645430761
900000  1289.5429835744728
905000  1301.2333837977887
910000  1277.2450566553794
915000  1300.7151814237072
920000  1318.7915829943074
925000  1308.1667264760677
930000  1311.2482684759277
935000  1308.8635534751495
940000  1316.552168999863
945000  1338.963403108271
950000  1294.277337560007
955000  192.31449540025002
960000  1290.4505260175022
965000  751.7669480222496
970000  1315.3624910253825
975000  1355.7943695321435
980000  1376.0310369951746
985000  1118.886366937951
990000  1365.4723986402323
995000  1309.0310132589584
1000000  1354.605918277291
