5000  19.931074559487403
10000  20.897955193894344
15000  68.03308341181541
20000  71.90279984055127
25000  87.32282758852126
30000  63.758094905130385
35000  83.34494594700968
40000  84.49080820477877
45000  98.25814528841872
50000  88.28081494406516
55000  128.53602656439338
60000  97.78569908648073
65000  104.49273524413589
70000  95.08982636529379
75000  90.1428034701877
80000  90.18337917108406
85000  107.65936590236177
90000  125.6867878748089
95000  104.20497711185337
100000  110.69830196282416
105000  106.13586404310263
110000  101.74252278218205
115000  106.09743337443442
120000  112.74038529963745
125000  113.3806626445992
130000  112.30436588850291
135000  101.54885052140379
140000  106.3000485403893
145000  99.67600178399898
150000  123.31666556009634
155000  122.31784601426932
160000  111.68306481751968
165000  127.49583068869006
170000  116.35466492297994
175000  113.03995753790761
180000  111.08731276952122
185000  134.86612487803518
190000  137.57705707398816
195000  170.3236106181055
200000  159.0721707252326
205000  148.59193685627858
210000  183.2904630731878
215000  337.9110099213277
220000  282.67269928490464
225000  158.7458811273953
230000  221.41232159849824
235000  251.90203038701674
240000  184.0179734177061
245000  451.33393576133693
250000  273.37470672783286
255000  244.62767059410348
260000  407.01359518204606
265000  263.36585190137896
270000  273.22134110000866
275000  214.87692365654647
280000  474.10269648771657
285000  282.13936049154586
290000  646.2186909146888
295000  352.86465368039467
300000  244.2757393853984
305000  398.0615059436036
310000  580.8348553819158
315000  615.8801913836699
320000  847.4446767002506
325000  494.8369448455611
330000  676.8940928006139
335000  401.54559762439476
340000  579.1579108407491
345000  534.9231240293439
350000  652.8293175128999
355000  777.3866636679971
360000  324.6475206001617
365000  732.6648284226414
370000  434.44778664294745
375000  781.6697838791422
380000  417.4962070942458
385000  521.5150573194151
390000  757.887015073529
395000  639.8000187623147
400000  844.5957835180856
405000  428.7066059057779
410000  578.70792492364
415000  508.7292361895217
420000  825.1070758821186
425000  1005.4072046674561
430000  368.53954007046707
435000  513.1833326610443
440000  1039.1529983112232
445000  808.1375936648882
450000  1245.3090286206893
455000  492.25574370692203
460000  818.0437314858402
465000  1005.7002701844598
470000  1024.093570028847
475000  754.6284234029747
480000  755.5935841237929
485000  868.0522146409645
490000  839.2711420790404
495000  808.0312666598257
500000  864.9242674842969
505000  756.5354514443848
510000  863.8558586049767
515000  803.0822902863565
520000  940.2821206734461
525000  804.6001951771127
530000  435.16669168781317
535000  894.953423877408
540000  317.5618416631753
545000  846.5344457445802
550000  822.370137840584
555000  749.1556708990482
560000  844.7061885904562
565000  955.253269561474
570000  565.0501910806496
575000  923.9927499837452
580000  334.0845534110912
585000  543.1579050470727
590000  710.8202015902704
595000  881.7992017077156
600000  1032.5475432775004
605000  812.5677127998797
610000  139.1182876611084
615000  646.5578805407877
620000  716.7258838582136
625000  506.3764069888756
630000  733.7821614862676
635000  954.3331926716552
640000  783.7953731505988
645000  737.0787541309633
650000  684.4665000236533
655000  835.2667716024644
660000  1020.2171971750138
665000  300.5522062410176
670000  757.804347286357
675000  1073.1506849251273
680000  822.9120190295911
685000  819.5738220972726
690000  871.9035014431269
695000  988.0968628572134
700000  1033.1494908475136
705000  793.8850493538713
710000  878.3359471115955
715000  884.5400690263434
720000  1051.5364894586676
725000  1019.3447911220339
730000  987.3967274795302
735000  770.7786757687462
740000  798.1829451226072
745000  617.1957742682555
750000  975.0163764299696
755000  990.2826135442289
760000  818.2790265358277
765000  869.3608197891302
770000  860.342838905554
775000  1006.8408921904887
780000  747.2222183601631
785000  830.3953364671625
790000  937.2420721990031
795000  839.7745574193284
800000  853.6373028689923
805000  923.5830505451377
810000  932.089564607684
815000  906.4766707811693
820000  789.1224507742531
825000  869.4301631839319
830000  907.9409942679173
835000  901.8672787510257
840000  1080.5632835194922
845000  950.42682860727
850000  996.0158014555791
855000  1044.726475282911
860000  945.8315054510743
865000  810.1932665626969
870000  1090.8688881593869
875000  987.3404187129261
880000  1077.7402669388496
885000  797.2147035293526
890000  930.4940227614337
895000  904.1880020447052
900000  925.4544310531388
905000  1045.4398161998158
910000  1029.0064249796649
915000  879.8863830531081
920000  988.0000724806811
925000  925.7823056016863
930000  993.1652381570105
935000  842.0242023637982
940000  785.8404041303417
945000  160.94395473573928
950000  835.5790806040434
955000  994.548994229713
960000  989.3488523393571
965000  933.2051579840838
970000  768.0479052854805
975000  987.877254085936
980000  904.237574182609
985000  997.0062885800733
990000  132.04017093948397
995000  1020.8575638971845
1000000  1085.935142194631
