5000  7.2548510903328225
10000  7.262624488661404
15000  66.68679166083743
20000  89.91084193149848
25000  117.52572260689521
30000  103.99971914953558
35000  85.76275618313096
40000  98.27575167448421
45000  77.13795491662866
50000  98.8749771180523
55000  123.82112762564668
60000  106.43599251063272
65000  230.66716859608636
70000  193.93307696877142
75000  105.2504136977373
80000  103.0295469476708
85000  107.16519134830146
90000  117.96470627739609
95000  112.35748425559973
100000  121.13152007297542
105000  148.86314681800252
110000  516.8607957413597
115000  436.16672211666344
120000  271.70391818482557
125000  110.87329799472543
130000  207.9615076216706
135000  156.1952429362109
140000  221.00358883338214
145000  244.09160984459646
150000  165.6082230166968
155000  247.81046597208427
160000  112.9297439802788
165000  127.57718886970952
170000  151.91150883577149
175000  193.4373684872619
180000  218.19088868689875
185000  120.36638886146261
190000  121.61413242015973
195000  122.66722246585864
200000  115.70888732499986
205000  108.78212037224905
210000  239.71169594135102
215000  122.78325283850859
220000  108.58320540884972
225000  105.68681116180358
230000  123.76582939954679
235000  123.32439970907353
240000  124.07546052581581
245000  129.9696919903645
250000  127.44559690469535
255000  441.20407737914564
260000  524.7454922576243
265000  146.2794889802079
270000  513.776094992988
275000  357.1240821865962
280000  197.22179726924963
285000  124.91228434504254
290000  354.27712704821977
295000  496.7304731049656
300000  223.34949728523748
305000  140.80567039026658
310000  318.0574936566653
315000  158.1989829568987
320000  606.5942987835679
325000  536.3317403228909
330000  240.4336749025487
335000  406.92328932622655
340000  579.4740280873662
345000  428.2393663291522
350000  120.50124494282534
355000  149.4869855579039
360000  208.6269907400192
365000  139.35943903487734
370000  141.39643526358992
375000  142.32613806500376
380000  607.9154485665083
385000  201.58169223027065
390000  132.71429708376277
395000  130.56983703041152
400000  316.4187753560031
405000  152.25046643572887
410000  114.17934677254519
415000  131.84296071992222
420000  604.1202334438311
425000  526.3848528058326
430000  136.70659996876367
435000  550.2784621162342
440000  606.4273842212627
445000  126.71408156087223
450000  373.3966669599527
455000  130.30290187567365
460000  130.82151698664399
465000  369.1172708823549
470000  132.53438602924948
475000  493.09473715059113
480000  219.64255933015937
485000  165.54276052159307
490000  437.06883455063706
495000  244.47733367347124
500000  526.3434424468176
505000  219.68389054553822
510000  146.94129080534674
515000  460.68921049941173
520000  607.2896273289199
525000  603.1460133680813
530000  526.6308314839971
535000  603.1905582856828
540000  526.4396414213938
545000  158.36279025164143
550000  130.52311023766424
555000  463.11145208121826
560000  374.97642309538367
565000  127.3097482529286
570000  442.4411482205267
575000  156.4468246044591
580000  547.3536440464075
585000  330.2849125163483
590000  185.59051439514184
595000  166.07236303045698
600000  159.91477606304855
605000  170.6253667975934
610000  554.9968983627939
615000  373.60405480211745
620000  277.55475438136716
625000  548.5921303186129
630000  618.9318105941774
635000  497.37449725951717
640000  435.66171077121436
645000  614.2540534263826
650000  217.87913388898113
655000  231.33946598289495
660000  219.39744633013566
665000  352.62889725247646
670000  664.3513655074051
675000  717.215007149795
680000  490.6384934193011
685000  210.2295169137391
690000  614.9379313882487
695000  231.73321317361757
700000  398.8188430765077
705000  556.0562136718657
710000  427.9943367795977
715000  314.9834837879657
720000  539.1777772280514
725000  635.929855173519
730000  725.5658237234368
735000  702.4880142860786
740000  671.319988978942
745000  652.6582201444807
750000  654.0146050932414
755000  469.71328432416703
760000  701.9281531760989
765000  677.9691566720707
770000  718.0401655892254
775000  264.23380126689125
780000  722.4275867248879
785000  529.5001015488403
790000  304.16088117548134
795000  573.8718243264341
800000  257.6268584064044
805000  670.8031044547527
810000  754.3287659607988
815000  781.2727994940528
820000  566.388218392614
825000  734.2395303321571
830000  456.31890472488203
835000  623.5346377737203
840000  576.3544804170266
845000  788.0001280067052
850000  752.3069045125376
855000  748.6312706248665
860000  457.8934997452478
865000  775.7753686559184
870000  772.398177539299
875000  750.8857260874184
880000  797.6270325595093
885000  784.8907476527683
890000  789.814788293798
895000  606.2831809344468
900000  758.1641403400639
905000  786.258457603494
910000  693.4546192609503
915000  734.810582731854
920000  691.1002766393765
925000  779.5264059761755
930000  726.411041754115
935000  797.4518572622931
940000  787.4653766378967
945000  724.20276398492
950000  770.7760230740666
955000  814.8382006086546
960000  487.6638834526526
965000  819.860456460479
970000  784.4975887944763
975000  809.4650270987892
980000  801.286377369042
985000  779.0799495013355
990000  726.9700793171327
995000  791.8038569387047
1000000  785.7485263385812
